301
0
10 198 209.737 14 198.379 15 180.662 197 174.911 13 167.687 195 133.67 11 129.506 12 126.51 16 119.213 10 100.789 
1
10 14 233.814 198 217.633 13 186.674 15 168.845 11 153.331 197 141.351 12 138.466 16 132.311 196 129.257 199 123.81 
2
10 13 174.511 11 155.588 14 136.336 10 132.691 199 119.361 4 91.7423 5 89.0934 15 86.9863 197 81.5412 6 75.6378 
3
10 11 224.868 10 177.943 12 163.863 9 138.186 199 136.177 8 131.751 13 116.496 198 109.585 14 82.7978 178 79.1795 
4
10 9 238.253 10 227.891 8 166.197 11 151.998 12 109.339 178 98.6392 2 93.2669 181 91.8706 200 87.072 179 86.6078 
5
10 9 215.946 8 156.981 10 150.484 11 100.007 2 89.3746 181 69.1996 177 62.3997 175 62.296 1 61.4871 179 60.5994 
6
10 9 181.984 8 151.809 10 133.364 11 81.7452 2 76.3782 181 67.107 1 54.7071 176 54.6891 182 51.9117 178 51.2991 
7
10 9 218.975 8 170.587 10 151.752 11 87.1672 181 68.4 179 59.6761 180 54.8893 182 53.884 176 52.1991 178 51.5546 
8
10 10 243.771 7 167.983 4 162.151 5 153.83 6 148.45 9 145.678 3 130.644 11 126.147 12 83.7136 181 70.6636 
9
10 4 235.322 11 233.832 7 213.202 5 213.187 10 180.935 6 178.859 12 146.228 8 141.124 3 135.836 200 108.03 
10
10 12 265.283 8 241.781 4 227.013 9 182.384 3 173.69 11 172.23 5 151.938 7 150.969 199 143.806 13 139.176 
11
10 12 313.155 199 312.471 13 271.734 9 236.129 198 225.595 3 213.229 14 204.24 10 169.547 200 155.224 134 154.937 
12
10 14 409.24 11 316.634 10 267.856 15 239.938 16 223.103 199 221.474 13 219.349 17 201.949 200 165.351 3 157.819 
13
10 14 426.4 16 403.246 15 388.722 11 280.977 17 231.42 197 227.83 12 223.205 18 164.576 1 158.665 2 155.86 
14
10 198 588.694 16 561.136 13 423.217 15 413.76 12 412.865 17 348.204 199 329.067 18 220.857 11 207.842 1 195.604 
15
10 198 468.05 14 407.84 13 386.692 199 291.67 12 237.556 0 146.573 1 140.964 11 139.083 200 128.106 10 88.8453 
16
10 14 514.53 13 373.09 198 360.916 199 233.825 12 213.278 11 140.726 34 121.77 1 101.047 200 100.794 20 92.8976 
17
10 19 600.698 18 533.204 14 299.667 199 201.976 13 197.263 198 179.826 12 177.423 20 170.903 34 169.723 32 163.289 
18
10 17 502.419 34 297.349 33 263.793 19 221.253 14 180.893 35 162.439 199 158.36 36 143.629 13 135.27 37 133.164 
19
10 17 536.863 34 445.395 35 223.176 18 214.029 200 173.44 36 159.816 37 120.785 201 120.468 299 119.944 202 91.7941 
20
10 34 289.326 33 271.616 17 155.306 32 126.892 35 95.6713 201 92.3065 22 91.3394 16 81.6613 200 73.1168 21 72.8385 
21
10 33 167.863 32 149.757 34 138.563 137 82.4675 20 79.4161 136 77.6247 138 52.8627 31 51.3206 35 50.8373 135 50.7088 
22
10 20 98.1768 32 98.0057 33 79.6861 34 56.244 138 34.0347 137 32.2402 31 29.3558 21 28.2509 136 25.4793 139 22.6765 
23
10 20 66.1544 205 55.9584 32 53.895 33 39.0542 25 34.5589 138 31.2517 206 29.8735 139 28.3397 137 22.1213 207 21.6552 
24
10 205 56.3252 20 49.6682 32 45.0573 138 43.8885 139 42.885 33 38.1617 137 38.0891 34 27.1613 206 23.8064 31 21.8579 
25
10 138 39.3195 139 39.0496 137 35.9932 23 33.974 206 31.5837 57 26.9814 58 25.7337 33 23.9705 136 22.8576 32 22.7662 
26
10 137 46.6945 139 40.9176 57 35.7065 136 29.8056 58 27.2669 206 25.8096 59 23.7597 35 20.9894 47 18.4287 207 18.4185 
27
10 138 51.911 137 49.7636 136 36.9019 57 36.8398 139 34.9121 35 31.5506 58 29.5234 36 26.402 59 24.4576 60 18.3383 
28
10 137 60.2145 138 57.4703 136 46.8036 57 34.4496 35 33.842 58 33.5039 36 28.4997 59 27.3548 139 22.8422 60 22.6865 
29
10 199 47.3345 37 36.4847 35 34.944 57 30.3149 59 28.5152 58 27.2493 17 25.5503 36 25.3919 60 25.3556 47 18.3239 
30
10 200 121.467 35 57.0186 199 51.7538 36 45.1826 17 44.3667 37 38.2375 16 37.0653 18 34.5801 128 33.3073 57 31.4122 
31
10 201 227.049 200 154.824 17 89.0461 35 79.2009 199 65.4812 34 60.181 15 56.9293 36 54.8404 21 52.6314 37 51.3149 
32
10 34 271.685 21 150.62 17 149.724 20 132.065 35 127.174 201 121.381 200 98.4442 22 96.9651 16 83.1365 15 60.9355 
33
10 20 294.505 18 260.849 21 175.972 35 161.991 34 160.296 17 149.54 16 85.5456 22 80.5343 201 70.8855 36 68.3829 
34
10 19 456.439 20 309.36 18 292.485 32 282.745 35 187.905 36 167.072 33 158.2 17 158.087 21 144.486 16 109.778 
35
10 19 229.228 36 228.928 37 204.957 34 193.508 33 166.102 18 155.2 32 132.694 38 125.86 17 105.888 20 101.871 
36
10 37 334.485 38 252.424 35 233.306 34 174.002 19 164.823 39 140.555 18 135.599 40 97.7381 17 97.7308 16 70.8591 
37
10 38 415.146 36 343.042 39 309.871 35 212.799 40 158.602 18 128.328 19 125.273 34 101.179 41 98.5889 134 94.7464 
38
10 39 436.551 37 419.618 40 344.345 36 260.499 41 189.115 35 131.794 42 127.196 18 102.411 43 95.8634 135 88.2031 
39
10 38 443.868 40 441.658 41 358.145 37 316.273 42 230.04 43 166.831 36 147.079 44 129.703 62 93.9022 35 82.8846 
40
10 41 506.769 39 440.069 42 390.334 38 346.589 43 273.632 44 175.557 37 160.985 62 117.616 63 101.873 36 101.182 
41
10 42 680.497 43 582.445 40 514.009 39 362.161 44 348.377 38 191.469 62 186.761 63 143.244 45 119.566 37 100.648 
42
10 41 689.849 43 621.282 44 524.824 40 398.149 62 242.504 39 232.889 63 210.52 45 155.187 61 154.962 64 137.609 
43
10 42 607.082 41 580.508 44 420.306 62 298.641 63 289.642 40 278.693 64 198.606 39 169.545 45 151.331 65 125.75 
44
10 42 498.817 43 394.586 41 337.228 63 327.876 64 254.294 40 180.367 65 155.412 39 135.77 66 88.8969 38 82.4134 
45
10 42 154.312 43 144.56 41 121.231 40 91.9246 39 87.156 65 85.8677 66 78.3937 67 67.18 64 67.126 38 65.7857 
46
10 51 101.164 52 82.3847 50 69.2733 53 63.603 39 57.8599 38 51.5939 67 46.3042 54 46.2197 56 45.0178 70 42.8599 
47
10 51 125.936 69 121.796 52 107.251 53 96.1944 54 71.1963 55 53.8747 66 53.6442 68 49.4082 50 48.9707 56 35.4775 
48
10 51 155.86 52 148.21 53 140.784 70 104.192 54 101.871 55 73.5648 59 60.5932 69 42.6802 56 42.4251 58 37.3895 
49
10 51 249.053 52 228.531 53 204.286 54 172.435 55 131.909 71 106.374 58 69.7082 59 67.2376 70 63.8018 57 49.7733 
50
10 52 297.11 51 276.618 53 248.588 54 192.99 55 129.954 75 126.631 74 115.301 72 88.3554 73 83.5917 46 80.2132 
51
10 50 271.042 49 252.159 52 226.64 53 216.88 48 150.367 54 140.081 47 128.676 75 122.069 46 106.082 74 94.9906 
52
10 50 292.822 51 229.102 49 228.351 48 143.576 57 136.364 58 109.081 47 108.118 75 85.8474 59 85.4395 46 83.9531 
53
10 50 245.047 57 228.581 51 218.011 49 205.009 58 190.072 59 160.43 48 137.36 60 106.259 47 98.317 55 82.1263 
54
10 57 423.048 56 372.223 58 337.975 59 261.612 50 189.507 60 185.712 49 176.072 51 140.269 55 120.746 48 102.705 
55
10 57 551.725 58 447.398 56 357.81 59 285.074 60 182.987 49 136.682 50 125.503 54 116.108 53 78.6336 52 75.78 
56
10 57 705.525 58 697.696 59 436.264 54 360.177 55 346.431 60 250.947 61 72.0561 50 61.9249 51 48.513 46 44.4468 
57
10 56 700.614 58 699.517 59 667.934 60 549.534 55 539.615 54 415.251 61 283.89 53 232.159 52 135.399 62 84.24 
58
10 56 684.096 57 681.639 55 436.542 59 421.605 60 399.13 54 332.359 61 197.639 53 192.977 62 147.779 52 107.515 
59
10 57 644.156 56 420.016 58 402.859 60 325.116 55 277.087 54 258.125 62 230.015 53 161.691 61 85.3203 52 85.2243 
60
10 57 539.138 58 365.399 59 300.944 56 234.956 54 180.428 55 175.349 62 169.267 53 102.574 42 94.7743 63 87.4561 
61
10 57 300.442 58 215.481 42 154.038 43 119.362 40 98.2112 59 96.5337 39 81.7611 54 74.3037 56 67.4156 38 57.6572 
62
10 43 287.115 59 247.329 42 236.341 41 185.696 60 183.256 58 148.606 65 127.228 64 126.675 40 120.586 39 96.0062 
63
10 44 322.015 43 279.018 42 203.42 65 171.7 66 141.215 41 140.367 67 132.525 40 102.013 60 94.9905 70 76.1154 
64
10 44 249.57 43 188.302 66 177.299 67 173.97 62 135.439 42 129.23 68 98.3057 41 88.0587 70 86.7486 69 67.7267 
65
10 67 251.05 66 205.423 63 177.7 68 170.526 44 150.689 62 134.947 69 119.975 43 116.316 70 115.022 71 96.95 
66
10 67 419.212 68 335.113 69 252.521 65 231.074 64 192.886 70 181.22 63 150.693 62 91.2092 44 90.387 71 86.7999 
67
10 68 602.605 69 478.94 66 469.117 65 299.239 64 192.642 63 144.071 45 75.6849 62 72.8483 71 60.3894 44 60.0886 
68
10 67 629.499 70 420.796 66 383.584 65 200.865 64 110.139 63 63.1307 47 46.7889 44 30.9358 71 27.0799 46 26.0309 
69
10 67 547.172 70 470.171 66 314.77 65 153.786 71 130.951 47 110.922 64 82.1852 72 62.411 63 48.4976 46 36.8089 
70
10 69 394.104 68 369.179 71 330.424 72 192.438 66 183.863 65 129.085 64 90.5201 48 86.0328 63 74.6787 49 56.5272 
71
10 72 694.413 73 403.676 70 292.593 74 260.208 75 156.763 69 114.752 65 83.6718 49 79.7455 66 71.8764 64 54.0851 
72
10 71 662.353 75 472.537 73 454.129 74 164.205 70 161.191 50 67.2677 76 61.796 69 54.2252 51 39.4319 53 15.3521 
73
10 75 720.102 72 430.509 71 375.818 74 271.799 76 249.216 50 70.171 51 55.5238 70 36.0409 52 31.3803 69 25.5301 
74
10 75 518.013 73 298.026 71 274.833 72 169.979 50 99.6675 51 85.1793 52 51.0294 54 15.8023 70 12.8335 37 8.95909 
75
10 73 735.236 72 480.817 74 473.707 71 156.18 50 97.8201 51 96.8866 52 69.0977 53 46.6266 297 12.2859 45 11.4402 
76
10 77 411.268 78 244.846 73 224.771 72 54.4813 51 14.7559 80 13.237 54 9.45535 52 9.16042 53 8.44685 56 6.5987 
77
10 78 582.586 76 406.478 79 318.757 80 88.0718 57 4.89704 58 3.76947 51 3.04539 56 2.55206 52 2.511 54 2.32045 
78
10 79 662.41 77 582.55 80 306.271 76 239.686 108 0.795897 143 0.282436 217 0.025273 54 0.000214413 52 0.000154208 142 5.87652e-05 
79
5 78 630.037 77 306.819 143 0.816773 217 0.0681637 251 0.00227016 
80
7 78 319.303 77 92.977 76 12.9232 143 7.00795 278 0.213544 217 0.118483 251 0.00847142 
81
4 143 8.24682 233 0.292442 278 0.28023 251 0.0212366 
82
9 143 9.89639 287 1.18663 278 0.535377 93 0.386881 291 0.229121 233 0.0865638 251 0.0316419 96 4.65829e-05 97 1.43197e-05 
83
10 143 10.1391 287 4.64969 90 4.15068 292 3.65351 91 2.14076 291 0.98592 233 0.964623 92 0.938423 278 0.906252 242 0.707149 
84
10 143 14.7584 90 9.57634 287 8.04612 292 5.93698 91 5.34157 252 5.08024 247 4.64245 291 2.63223 278 1.83837 92 1.71194 
85
10 89 71.6082 90 22.5189 143 22.464 292 11.9943 91 10.9105 287 9.22759 252 5.37794 247 5.02204 92 3.56016 291 2.83784 
86
10 89 123.209 144 52.4163 90 37.1927 292 21.1332 143 18.5978 91 14.4963 291 10.0518 92 4.12776 132 3.67691 217 3.42517 
87
10 89 401.79 90 97.0748 145 66.6323 292 56.3147 91 42.4059 144 32.8042 291 28.8017 143 17.4867 92 12.705 93 5.92315 
88
10 89 1013.67 293 932.005 90 247.031 91 98.129 145 74.3576 144 24.8613 92 22.7942 143 13.9148 246 11.0907 93 10.6777 
89
10 88 1097.9 90 675.563 293 648.884 87 488.437 91 333.632 292 258.765 86 158.394 85 102.045 92 90.5282 146 55.9953 
90
10 89 711.909 91 607.886 88 276.927 293 265.248 92 264.315 292 196.052 87 118.6 93 98.2518 294 95.9974 146 55.2017 
91
10 90 677.571 89 385.756 93 262.066 88 117.613 292 113.855 94 84.4417 294 75.0994 87 54.1637 291 44.2215 146 31.8686 
92
10 93 486.531 90 309.508 94 224.11 89 108.495 219 94.0447 95 92.8123 292 43.7178 96 41.7733 293 35.3421 97 30.3006 
93
10 94 523.844 92 497.707 95 300.638 91 283.108 96 130.098 90 115.615 97 97.8251 219 57.8776 89 37.5165 98 35.8847 
94
10 95 556.922 93 529.447 97 264.716 92 231.21 98 114.295 91 91.7038 99 37.0814 90 34.3583 219 22.9645 89 14.7827 
95
10 97 860.692 94 588.347 98 427.587 93 321.772 99 190.358 92 100.843 100 48.2943 220 28.7668 90 16.9666 101 15.6116 
96
10 98 929.496 99 418.468 97 361.945 93 144.053 92 47.4974 220 24.7098 91 16.876 219 6.65705 292 1.47354 291 0.609685 
97
10 98 931.863 95 895.866 99 440.078 96 354.258 94 285.153 93 106.207 92 33.893 220 18.2109 91 11.4603 219 4.21423 
98
10 97 830.266 96 816.113 95 411.103 94 114.674 93 36.3267 92 11.5031 220 9.07175 91 3.34078 219 1.29203 90 1.02791 
99
10 97 327.449 96 307.926 95 156.426 94 34.1161 93 8.94462 92 3.3025 220 3.13817 110 1.70369 89 1.01327 112 0.991454 
100
10 101 310.197 95 37.4728 295 30.1395 110 27.9399 111 27.2445 112 26.9145 294 25.9733 113 12.5937 93 4.22273 218 2.55838 
101
10 102 267.499 100 259.218 111 67.1811 109 63.3886 110 56.328 112 50.0648 294 43.5671 113 21.9892 95 10.6436 94 5.37356 
102
10 101 234.874 109 135.275 108 125.618 110 77.2759 111 74.3392 112 51.4142 113 13.4023 94 4.52784 89 2.46319 293 2.2935 
103
10 105 359.419 109 142.589 110 94.5531 111 77.4863 112 48.9057 113 10.4472 209 5.82466 210 4.05221 211 3.0824 213 3.0594 
104
10 105 384.707 107 362.285 108 203.924 109 139.789 110 97.32 111 96.8182 112 62.5277 113 16.1586 212 7.08987 211 5.82604 
105
10 107 449.035 106 405.288 104 381.673 103 349.751 108 219.516 109 158.463 110 113.383 111 106.085 112 69.9134 113 15.8547 
106
10 107 479.507 105 404.701 108 394.474 109 243.823 110 161.927 111 131.496 112 83.4355 113 18.7294 57 6.23673 49 5.95059 
107
10 106 461.331 105 442.571 108 431.337 104 355.621 109 307.821 110 156.736 111 112.188 112 64.632 113 17.9161 49 3.43031 
108
10 107 419.549 106 379.683 109 311.814 110 247.287 105 214.343 104 199.567 111 148.291 102 109.546 112 89.6738 113 25.6053 
109
10 108 308.22 107 295.709 106 233.029 111 171.026 105 155.939 110 150.04 104 137.843 103 137.021 102 125.609 112 102.129 
110
10 108 243.27 112 222.999 106 156.101 107 153.034 109 148.592 111 116.932 105 112.99 104 97.5781 113 96.0822 103 93.5546 
111
10 113 275.516 109 175.095 108 151.122 114 143.7 106 129.695 110 121.096 107 113 105 106.462 104 98.2657 103 77.5339 
112
10 114 306.595 110 231.082 113 229.804 115 207.36 116 178.606 117 169.062 118 156.162 119 136.735 109 103.054 108 90.9002 
113
10 115 505.747 114 501.181 116 404.927 118 388.961 119 348.62 120 298.109 111 283.786 112 234.886 121 208.48 122 144.074 
114
10 118 811.489 116 769.664 117 729.131 119 710.175 115 704.186 113 506.499 120 477.059 112 308.092 121 289.701 122 174.343 
115
10 118 1187.02 117 1043.16 116 932.216 119 908.832 114 696.539 120 495.779 113 492.858 121 269.323 112 209.955 122 152.287 
116
10 117 1027.71 115 918.348 119 820.281 114 744.804 120 418.689 113 396.964 121 227.85 112 180.182 122 99.3113 111 61.4846 
117
10 119 1027.85 116 1026.15 115 1012.06 118 922.467 114 691.594 120 512.72 121 285.912 112 166.386 122 140.007 111 66.1911 
118
10 119 1208.21 115 1112.11 117 889.253 120 753.012 114 731.43 121 412.697 113 351.049 122 239.525 112 143.392 123 141.321 
119
10 118 1152.92 117 959.463 120 913.232 115 825.931 116 765.034 121 681.415 114 605.732 122 400.734 113 291.053 123 265.097 
120
10 119 869.246 121 807.646 118 702.651 122 632.539 117 461.936 115 433.882 123 427.462 114 389.617 116 372.925 113 232.744 
121
10 120 781.739 122 647.073 119 635.976 123 620.352 118 378.116 124 350.56 117 249.516 114 233.189 115 229.321 116 193.984 
122
10 121 633.797 120 604.93 124 508.203 123 373.344 119 368.573 125 292.641 118 216.543 126 182.323 114 137.673 115 126.855 
123
10 121 596.661 120 405.072 125 385.41 122 370.411 119 242.578 118 127.941 114 92.8023 115 87.2105 127 87.1365 113 72.2234 
124
10 125 622.194 122 495.65 126 481.673 121 331.257 120 214.314 127 210.437 128 108.708 119 100.156 129 47.9311 118 46.9655 
125
10 126 964.683 124 615.302 127 583.221 123 368.337 122 279.838 129 197.381 121 165.471 130 161.438 131 105.173 120 75.9462 
126
10 127 1422.92 128 1022.37 125 981.995 129 589.64 130 542.548 124 470.964 131 383.947 122 169.777 119 35.238 30 20.9442 
127
10 128 1763.89 126 1479.48 129 1198.96 130 1046.8 131 718.692 125 601.978 124 209.905 123 81.2806 122 53.2306 120 39.7524 
128
10 127 1829.83 129 1748.42 130 1618.69 126 1100.02 131 966.109 124 109.793 286 59.8524 121 31.1997 123 29.0939 120 28.6282 
129
10 128 1804.67 127 1274.1 126 643.19 131 357.12 125 212.126 130 180.594 124 48.897 285 41.2143 286 34.039 275 32.2997 
130
10 128 1728.77 127 1163.02 126 625.057 129 185.218 125 183.889 133 74.6517 285 66.6728 132 66.6481 286 59.1289 284 48.0939 
131
10 128 1047.66 127 814.835 126 454.194 129 368.75 286 133.137 285 128.906 125 125.344 284 94.3675 287 61.0975 283 58.2885 
132
10 286 193.221 285 173.182 287 148.552 288 117.66 284 113.208 289 98.2682 125 89.8978 283 78.0907 290 71.5748 130 66.6072 
133
10 287 159.504 286 156.244 285 123.832 135 94.6744 284 79.374 200 77.7812 130 75.1892 11 68.848 38 57.961 283 52.5185 
134
10 11 110.212 299 102.935 300 101.586 200 99.5888 37 79.7624 38 69.5036 285 63.059 10 54.6917 284 45.704 3 43.7338 
135
10 299 118.192 200 101.236 133 82.2604 300 76.8233 38 64.841 21 40.3698 10 40.2275 9 40.0698 39 38.839 298 38.1223 
136
10 21 60.48 298 46.6139 299 44.3214 28 39.1485 202 35.3157 38 32.7572 27 29.8147 203 29.2782 26 24.2588 39 23.9884 
137
10 21 60.7231 202 60.6134 203 56.4818 201 52.1573 28 48.4452 27 41.9398 26 40.0782 204 34.7283 24 33.6787 25 31.1221 
138
10 203 81.5862 202 68.2867 204 51.9632 207 50.8591 201 48.0576 28 42.5626 27 42.4397 205 41.2573 24 37.7307 21 37.3003 
139
10 210 180.066 211 155.419 206 125.588 205 101.6 204 89.4797 203 69.2172 202 42.6471 24 34.3287 26 32.8563 25 31.2112 
140
10 210 179.278 209 165.494 211 164.694 212 75.2568 203 23.0672 295 8.29241 23 7.65112 25 7.50467 22 6.78805 26 6.77892 
141
10 143 247.932 144 225.981 208 107.913 209 97.6902 212 94.3538 210 53.9409 211 48.4481 295 12.9397 294 9.13076 113 1.5077 
142
10 144 475.133 143 297.072 212 62.5727 208 13.4981 294 12.7887 209 12.1412 295 7.43293 210 4.1536 220 4.06781 113 2.4146 
143
10 142 299.284 141 274.083 85 31.7479 86 24.7322 84 22.9121 87 21.1642 294 18.9882 284 17.8678 285 17.5808 82 17.3337 
144
10 142 475.484 141 242.559 86 77.609 284 63.786 285 61.9472 286 53.426 283 48.0572 87 45.0623 282 41.1903 219 37.4826 
145
10 283 158.367 284 141.159 88 120.447 87 113.584 282 106.072 285 101.585 292 101.144 293 90.9984 291 82.1438 89 82.1373 
146
10 292 209.685 291 192.955 283 183.335 282 117.234 281 115.569 90 103.227 89 101.997 293 65.613 196 65.1567 278 61.8327 
147
10 278 119.894 277 119.565 281 110.993 282 108.532 246 106.108 241 62.3386 196 58.9271 276 55.4796 258 54.1859 252 53.5289 
148
10 282 197.89 258 94.7224 277 90.0746 253 84.999 246 80.164 278 73.0463 281 68.4543 276 65.285 233 50.3694 225 47.1348 
149
10 258 104.517 257 102.913 281 87.04 253 74.0033 246 64.6246 233 53.9967 132 45.4416 226 42.5546 225 40.5336 227 40.4021 
150
10 281 211.005 256 129.334 253 99.1035 258 96.7087 280 94.3135 257 93.9615 246 67.6531 277 59.9183 233 55.2707 275 49.0694 
151
10 256 153.346 258 107.084 257 106.892 253 97.8622 246 73.8433 233 62.3109 232 46.7565 259 46.6764 228 45.5707 156 44.9636 
152
10 256 239.21 255 199.151 254 176.768 257 168.516 155 142.302 258 132.815 253 132.036 156 92.7605 259 87.5002 157 76.7376 
153
10 255 604.959 256 597.883 254 393.118 155 376.63 253 280.843 156 278.972 257 247.622 252 239.263 258 214.356 157 208.696 
154
10 255 648.752 254 497.541 253 377.91 156 352.092 252 315.453 157 306.285 158 245.956 159 231.932 256 201.764 166 122.422 
155
10 279 446.99 153 432.111 253 355.047 157 338.343 252 326.477 158 322.265 159 318.131 254 254.778 166 212.756 156 173.207 
156
10 159 548.638 158 488.012 277 474.11 160 471.372 276 442.515 278 403.835 154 398.455 165 333.475 153 331.135 164 323.38 
157
10 159 598.122 160 592.049 161 582.26 274 552.74 273 540.858 275 489.683 164 480.969 276 429.251 272 409.518 162 404.032 
158
10 156 533.632 273 460.654 274 455.012 162 432.025 275 411.705 272 388.248 161 378.66 270 370.024 155 365.406 276 350.77 
159
10 264 779.595 263 761.275 265 750.808 266 657.897 157 645.616 156 606.251 267 522.362 268 443.104 274 435.899 273 419.526 
160
10 264 869.099 263 850.53 265 810.733 266 721.065 157 636.528 267 553.931 156 510.595 273 453.025 268 446.222 269 425.321 
161
10 265 710.862 264 695.525 266 693.527 263 621.876 157 621.25 267 527.084 268 422.751 269 405.228 158 400.154 272 351.156 
162
10 158 447.873 266 444.666 265 427.839 157 426.753 264 426.51 267 417.372 268 366.616 263 352.842 269 338.458 270 274.842 
163
10 264 522.165 265 507.07 266 500.847 263 478.97 267 421.788 157 397.018 268 357.327 158 346.517 269 331.862 270 281.025 
164
10 264 947.062 263 941.486 265 857.983 266 789.531 267 586.142 268 490.15 157 477.884 269 469.949 272 464.705 270 390.35 
165
10 263 594.852 264 555.456 265 524.328 266 485.406 157 368.637 267 359.09 156 334.015 272 295.623 268 294.603 262 285.053 
166
10 262 331.821 261 305.153 260 296.639 155 227.406 156 205.842 259 184.416 258 176.178 257 160.837 157 151.175 256 134.448 
167
10 260 168.049 261 136.816 259 102.702 262 100.534 258 69.131 155 61.5776 157 53.8505 156 45.9277 257 45.6418 158 39.6763 
168
10 260 37.7076 241 37.122 259 33.2395 166 33.0069 242 24.2341 261 18.562 165 18.3059 182 14.2982 258 12.7856 170 11.0205 
169
10 241 66.1901 240 40.2989 242 35.0222 166 29.8164 259 20.2799 258 15.5787 243 15.4748 167 12.6161 260 11.585 182 10.4638 
170
10 239 170.534 240 125.893 241 52.8833 242 34.7697 259 23.2255 243 17.4584 258 16.264 167 12.2175 168 11.014 182 10.388 
171
10 240 101.847 241 72.6812 242 38.6859 259 25.2171 243 18.4493 258 13.2426 260 12.6848 182 9.63331 3 7.15819 10 6.45975 
172
10 173 205.784 241 65.494 242 29.0476 182 15.1539 9 13.5128 260 13.0619 257 9.50792 3 9.45898 10 8.56046 2 5.87954 
173
10 172 227.337 242 80.2477 259 65.0722 258 60.4717 243 55.7724 257 38.6561 4 31.7527 260 25.7206 9 22.755 3 20.8669 
174
10 259 53.2379 258 44.3959 4 43.6041 9 31.2909 260 29.2118 3 28.1801 257 24.4826 10 17.0847 1 16.7306 2 15.9445 
175
10 4 52.9237 5 50.8653 9 40.6412 8 40.609 3 38.9368 2 26.891 1 25.6239 0 22.8456 10 20.6989 11 9.55748 
176
10 4 71.4223 5 53.9014 9 50.6224 6 49.2521 7 46.6844 8 46.4325 3 45.8401 2 34.1795 10 32.485 1 32.0317 
177
10 4 82.1586 3 63.0451 5 61.5177 9 60.698 2 50.8756 7 49.4366 8 47.9135 6 47.4815 1 41.1679 0 39.8149 
178
10 4 98.1642 182 87.3718 3 75.7825 9 68.9912 5 60.6715 1 58.6638 2 55.1362 6 52.8992 7 52.2714 8 49.5052 
179
10 182 251.792 183 111.406 4 88.9916 9 74.9733 3 67.9747 8 66.1142 10 66.0551 5 63.0696 7 60.4695 2 54.7417 
180
10 182 432.121 183 354.085 184 140.304 4 83.7736 9 70.6629 185 64.2547 3 61.8176 8 59.2407 10 58.548 7 55.6629 
181
10 183 327.618 184 269.858 182 175.064 185 156.331 186 112.77 4 95.3192 189 90.2801 9 87.2094 10 81.1354 187 79.0253 
182
10 180 477.697 184 322.308 179 286.036 185 247.674 181 180.943 186 153.279 183 134.263 189 123.248 188 119.401 187 119.339 
183
10 185 508.452 184 460.968 180 391.626 186 391.309 181 342.729 187 332.777 188 271.436 189 212.836 182 142.386 179 127.771 
184
10 186 1248.66 187 1079.02 188 615.572 185 585.707 183 456.668 189 330.789 182 324.064 181 281.313 180 154.757 190 147.883 
185
10 187 1452.23 186 933.002 188 750.601 184 574.286 183 517.674 189 376.861 182 247.002 190 181.406 181 162.455 263 85.7798 
186
10 184 1265.38 185 903.115 183 405.773 187 298.191 188 259.906 182 153.628 181 114.106 189 95.7289 197 72.8806 263 70.6223 
187
10 185 1350.75 184 1047.19 183 332.976 186 276.317 182 117.93 181 78.6605 197 75.0797 198 68.1339 263 68.074 273 64.6007 
188
10 185 691.909 184 595.535 183 265.709 186 234.287 182 115.503 198 101.534 181 73.3589 199 58.4743 274 47.0328 263 47.0018 
189
10 185 347.796 184 317.157 183 201.04 182 116.182 186 87.2069 181 85.0026 278 54.6537 154 51.459 279 50.4819 277 45.3976 
190
10 185 166.176 184 137.626 183 107.854 182 73.8462 255 58.2831 279 57.4098 153 56.8464 281 54.4486 154 52.2333 280 51.8136 
191
10 280 56.6177 282 48.1021 185 46.935 283 45.9884 279 44.3003 254 43.6829 284 43.0396 153 41.7562 245 40.87 147 40.7091 
192
10 286 53.9196 283 48.9832 280 47.7239 282 47.6524 284 45.6505 147 45.0892 281 44.7923 285 43.8567 148 42.45 245 41.3867 
193
10 286 47.5688 147 44.1169 284 36.7737 285 36.4299 254 35.5906 287 35.5096 282 33.3613 280 32.6639 283 31.6334 244 31.4727 
194
10 0 90.7311 1 81.7467 146 59.1484 147 46.7672 286 41.9216 2 41.9157 285 38.9378 282 36.528 254 35.5036 287 34.9645 
195
10 0 123.19 1 105.166 132 83.863 146 69.2653 147 49.0672 285 40.5816 284 40.0466 133 39.0414 282 36.1147 283 34.8615 
196
10 1 120.134 146 76.7687 286 63.7716 147 61.6881 13 53.1917 284 50.082 2 48.986 281 46.5219 282 46.3175 283 46.0311 
197
10 13 234.638 0 169.386 1 137.402 2 78.3528 11 68.7872 3 63.1237 186 62.1648 187 62.1045 185 50.3166 284 42.3459 
198
10 14 605.625 15 490.845 16 406.816 11 234.173 17 213.774 1 190.993 0 180.526 18 146.674 10 123.6 3 106.428 
199
10 14 312.26 11 308.544 15 285.499 16 235.679 17 216.087 12 209.18 18 176.328 10 143.278 3 125.947 1 106.118 
200
10 19 169.816 12 157.185 11 145.945 31 141.6 135 133.282 10 121.537 134 120 15 119.138 30 110.961 18 110.185 
201
10 31 183.691 19 111.734 32 99.935 20 77.4784 11 73.0512 10 61.7065 137 61.3371 33 58.5062 9 57.8038 138 52.9999 
202
10 203 447.792 204 350.586 205 129.509 19 81.3702 138 71.7888 206 69.2395 137 65.3097 33 48.8153 207 45.5577 139 42.6027 
203
10 202 450.133 204 348.801 205 214.768 138 78.6072 207 75.5405 139 65.9715 137 54.9959 19 53.1337 208 46.5992 136 29.5747 
204
10 203 348.84 202 347.654 205 289.727 206 210.262 207 146.538 208 87.6586 139 73.9736 209 64.4637 138 46.0151 210 39.5805 
205
10 206 304.634 204 280.838 203 201.495 208 157.694 209 143.706 202 123.029 210 90.8824 139 81.9233 211 63.5853 23 38.7592 
206
10 207 303.702 205 302.273 204 209.637 209 194.063 210 111.323 139 102.755 211 88.2439 202 68.5893 25 21.3173 23 20.7273 
207
10 206 309.754 209 280.067 210 160.804 204 146.844 211 132.584 203 72.2212 202 44.1692 138 42.5927 23 15.2421 25 14.8658 
208
10 209 326.414 210 254.857 211 211.623 205 161.138 141 100.177 204 87.4686 203 43.827 202 24.3452 142 13.1743 22 8.82974 
209
10 210 436.51 211 427.011 208 342.883 207 298.854 206 211.61 140 150.691 205 144.599 141 97.1061 204 64.9502 203 26.8669 
210
10 209 454.492 208 279.412 207 177.741 140 168.531 139 159.307 206 125.359 205 93.0476 141 57.203 204 39.9234 203 17.2918 
211
10 209 453.508 208 236.302 140 158.963 207 147.944 139 140.046 206 101.032 205 66.6567 141 53.6839 204 29.4388 203 12.4022 
212
10 141 112.511 140 74.3798 142 68.981 219 14.0117 295 5.20578 104 4.23545 105 4.17398 294 3.317 103 1.91252 25 0.905444 
213
10 219 62.14 139 30.5075 294 12.4194 295 11.3692 112 6.7104 220 5.61079 296 5.0122 104 2.58875 105 2.50297 253 2.45731 
214
10 219 98.6347 220 27.3999 294 12.8167 295 10.4123 111 7.01058 112 6.79159 113 3.27663 296 3.23357 254 3.13074 253 2.01522 
215
10 219 110.568 294 12.4164 295 9.8709 111 5.95929 112 5.93234 296 3.96464 113 3.74127 110 3.15449 254 2.87919 253 1.83585 
216
10 219 118.256 220 29.5267 294 13.9096 295 11.766 111 10.1142 112 7.69856 110 5.18866 296 4.8768 109 4.44642 113 4.36793 
217
10 219 89.5155 294 17.9007 295 12.3112 220 11.2517 112 9.80887 111 9.16596 88 8.52006 87 6.76079 293 6.50389 86 6.40811 
218
10 219 57.5264 89 31.0201 90 19.1661 91 11.3389 111 9.42169 112 8.30464 113 5.35786 110 5.05175 92 4.08474 109 3.99753 
219
10 216 135.767 92 135.412 215 128.682 214 122.877 217 98.256 213 81.4689 93 80.3231 218 65.7779 144 59.9344 145 42.8941 
220
10 95 50.364 96 45.1221 147 36.0043 216 34.1349 214 34.0511 97 33.7528 283 21.9615 282 20.723 145 20.6917 284 20.3964 
221
10 147 38.0685 283 34.0323 282 30.1021 146 26.9438 281 26.4686 285 25.4162 150 23.8803 279 23.3415 151 23.3023 286 22.7344 
222
10 225 301.866 226 244.71 227 203.917 283 35.5426 147 32.6507 282 30.8768 281 30.7241 150 27.1978 148 27.1047 280 26.2729 
223
10 225 301.276 226 287.415 227 234.238 224 134.836 147 43.0451 283 42.2384 282 39.1519 148 38.2665 281 34.7946 150 34.0267 
224
10 223 138.816 225 101.402 283 56.3557 282 54.905 281 52.839 280 51.0765 147 49.2014 279 47.5107 148 46.7679 284 43.1726 
225
10 222 327.343 223 323.248 224 108.779 279 77.2805 281 62.7793 153 61.0618 282 60.9426 280 59.2841 283 58.4789 278 58.2912 
226
10 223 316.739 222 275.86 279 89.3627 278 69.4844 282 68.1455 280 64.1783 281 63.4964 283 62.3048 147 61.1853 256 60.3172 
227
10 223 268.414 222 240.025 279 86.2428 278 76.7584 153 75.2838 255 72.7722 256 72.3719 154 70.5156 281 68.3443 277 66.4866 
228
10 254 89.8961 279 83.3301 255 80.0025 153 76.5486 154 75.4027 256 73.974 278 67.8488 253 67.3433 280 65.2243 281 64.6433 
229
10 255 86.1586 253 82.1771 154 81.4629 153 75.4491 256 69.485 155 63.0648 152 52.494 245 46.7663 257 46.278 275 46.0155 
230
10 232 686.326 231 145.846 254 125.544 253 94.5298 255 82.3178 153 79.7405 154 73.8745 256 67.4662 155 57.4658 245 55.2288 
231
10 233 406.778 232 384.795 254 146.52 230 146.444 253 117.482 255 111.393 154 88.424 256 81.3713 252 64.3867 155 63.2703 
232
10 230 715.533 231 387.811 234 239.06 233 151.901 255 143.27 153 125.672 254 122.073 154 120.211 256 114.262 279 104.974 
233
10 231 423.406 232 158.966 234 115.714 256 104.7 255 92.9292 279 90.512 280 88.7906 254 87.3666 152 85.2731 281 85.0183 
234
10 232 235.062 233 119.344 241 67.1504 257 53.3586 151 47.8204 254 47.4248 242 46.8078 255 46.3659 256 46.0109 150 45.6638 
235
10 241 35.0217 242 12.1959 243 12.1268 256 7.31555 259 6.25821 244 6.23879 258 5.5344 257 4.63843 255 4.12381 260 2.98977 
236
10 241 61.7949 242 17.56 243 8.22868 259 5.91673 167 3.40224 258 3.28839 260 1.08293 2 0.551714 1 0.331119 0 0.326004 
237
10 241 96.4735 242 34.3785 243 17.1802 259 16.0337 167 12.2732 258 11.4806 260 5.16757 257 2.50598 2 1.42878 1 0.914313 
238
10 241 103.67 242 39.4858 259 25.429 243 12.3161 258 12.1375 260 7.62872 10 5.82515 3 5.67682 167 4.73512 257 1.88518 
239
10 170 165.754 241 105.816 240 87.6772 242 59.4817 243 38.1137 258 36.2087 259 32.9532 257 21.0673 260 13.3615 256 8.10343 
240
10 170 122.685 243 121.266 258 109.786 242 109.614 257 93.0892 239 92.5694 171 90.599 259 89.3473 241 80.3756 256 71.1034 
241
10 237 112.808 238 109.534 239 108.703 147 86.8903 280 80.4856 236 79.9891 281 77.1574 240 76.6556 171 75.4541 234 74.0415 
242
10 244 215.89 245 136.277 240 108.89 173 76.7211 239 65.8063 233 63.473 234 52.6337 232 43.5456 238 43.1059 246 42.1947 
243
10 245 230.121 240 119.509 246 106.618 233 63.2603 241 62.9232 173 56.4698 244 53.428 232 52.6273 242 43.0841 239 41.9718 
244
10 242 216.453 246 165.54 247 88.2421 232 59.5921 233 57.7393 241 54.7365 243 53.0161 240 49.6732 191 42.6404 196 42.1035 
245
10 243 226.706 242 134.592 247 121.364 251 85.6504 233 56.0115 232 52.8081 230 51.3993 229 46.0292 192 45.4807 191 44.3761 
246
10 253 227.281 254 213.686 252 188.156 244 161.756 147 133.882 251 133.236 243 104.189 148 96.253 151 83.008 280 81.671 
247
10 253 213.263 252 196.466 254 163.839 251 129.981 245 116.622 244 85.2447 250 53.0661 255 41.5649 144 36.5146 146 33.7665 
248
10 251 126.084 252 111.281 253 111.241 254 93.5852 250 51.883 245 24.5248 246 23.0147 231 12.4004 244 11.142 230 9.14344 
249
10 251 244.265 252 194.347 253 166.917 254 115.844 250 80.7884 231 13.6303 230 9.16326 229 7.14743 228 4.28139 158 3.9844 
250
10 252 244.756 253 212.399 254 159.603 251 149.382 249 80.0175 248 49.8382 247 49.7657 246 18.2919 230 11.4942 229 9.24141 
251
10 254 377.915 253 359.757 249 254.156 250 154.336 248 128.605 246 124.542 247 121.396 255 106.433 155 86.8495 245 85.8813 
252
10 254 343.656 154 313.72 155 312.885 255 282.308 278 265.499 250 261.258 153 249.914 256 248.431 279 240.974 277 216.16 
253
10 154 396.551 155 360.94 251 358.234 153 304.832 250 226.699 256 222.981 246 212.415 247 209.398 249 175.261 255 151.046 
254
10 154 520.116 153 425.75 251 375.97 252 322.466 155 254.551 152 197.244 246 194.573 250 154.499 247 152.345 231 114.045 
255
10 153 656.991 154 656.856 252 281.319 152 228.713 253 138.555 232 120.563 251 108.122 166 98.6696 231 94.272 155 94.1457 
256
10 153 613.925 152 268.788 252 240.593 253 200.328 154 196.508 151 179.23 159 158.613 150 154.041 166 127.22 233 93.549 
257
10 153 250.553 152 180.831 166 147.65 151 119.758 149 119.359 159 117.08 157 115.093 158 109.065 150 106.89 253 97.638 
258
10 278 279.58 279 256.521 277 252.074 153 211.425 276 169.394 280 159.891 166 154.357 275 144.47 152 134.977 281 133.903 
259
10 166 146.901 153 127.146 279 126.433 278 111.913 167 88.6454 152 85.9408 277 79.5546 240 73.2097 262 63.5841 276 57.7445 
260
10 166 236.629 278 148.683 167 148.053 153 138.89 279 115.232 277 100.368 165 75.2697 276 62.191 152 58.4009 274 50.0607 
261
10 166 254.896 167 124.773 153 122.088 165 112.325 278 106.937 279 85.6943 277 79.1546 159 63.7668 273 61.6162 259 58.3601 
262
10 166 291.371 165 243.064 273 232.258 274 224.642 158 206.503 271 183.757 159 181.086 277 178.011 276 175.356 275 175.041 
263
10 273 1232.4 272 1168.97 274 1039.9 270 1019.61 271 984.985 164 831.858 160 672.762 159 604.526 165 542.346 269 513.506 
264
10 270 1395.93 272 1386.56 271 1269.94 273 1266.55 274 993.463 164 858.631 275 763.346 160 705.819 159 638.112 161 572.144 
265
10 270 1478.61 272 1464.7 271 1343.17 273 1199.18 274 920.426 269 853.501 164 778.195 275 674.164 160 662.569 159 620.791 
266
10 270 1595.34 273 1088.36 274 814.61 164 699.617 160 582.903 275 582.235 161 565.83 159 542.17 269 470.732 163 433.457 
267
10 270 1799.63 271 1510.32 272 1241.43 273 879.333 274 589.758 164 509.381 160 447.8 159 433.733 161 424.68 163 357.077 
268
10 270 1760.81 271 1425.51 272 1178.22 273 764.156 274 484.838 164 420.295 159 366.428 160 358.742 161 337.129 162 299.159 
269
10 270 1685.9 271 1560.44 272 1261.74 265 852.478 273 825.722 274 529.463 264 513.609 263 502.199 266 469.493 164 398.997 
270
10 267 1741.58 268 1726.78 269 1668.63 272 1621.56 266 1543.29 271 1490.83 265 1426.43 264 1355.94 273 1074.95 263 991.392 
271
10 269 1526.78 270 1469.33 267 1440.61 268 1381.54 265 1264.55 264 1208.34 263 943.388 275 390.536 274 366.322 273 336.783 
272
10 270 1578.27 265 1336.19 264 1281.14 269 1216.5 267 1168.24 268 1124.9 263 1105.36 164 384.273 157 323.623 158 298.124 
273
10 263 1179.85 264 1171.66 265 1084.92 270 1038.77 266 1001.58 267 819.632 269 787.3 268 721.233 157 416.933 158 343.867 
274
10 263 1009.6 264 925.334 265 834.61 266 750.371 270 694.118 267 546.241 269 501.262 268 453.242 157 420.903 271 356.828 
275
10 264 715.285 265 612.38 266 536.216 270 398.262 271 381.928 157 371.603 267 314.19 158 304.031 159 290.254 160 263.113 
276
10 156 346.271 157 325.178 266 302.349 159 264.372 158 259.203 271 225.708 160 200.166 164 179.155 262 172.859 282 172.756 
277
10 156 368.743 263 310.184 157 289.111 264 243.851 258 236.977 158 209.758 252 206.742 159 205.26 265 183.742 262 170.561 
278
10 156 312.41 258 265.309 252 246.104 157 224.699 263 187.002 262 166.863 159 159.164 158 157.603 147 143.16 260 139.715 
279
10 155 355.887 258 241.16 252 217.268 156 214.359 274 169.574 157 156.008 259 116.484 262 109.473 158 109.013 275 108.992 
280
10 258 145.822 275 145.044 252 126.802 274 117.756 276 115.532 156 100.479 277 97.0599 150 89.6603 157 75.0694 246 69.1986 
281
10 150 187.134 146 128.03 147 121.243 258 116.999 275 109.497 252 95.089 274 89.6043 276 85.6932 149 79.3473 148 67.9842 
282
10 148 176.773 276 145.188 275 127.739 146 125.743 145 119.633 147 107.408 258 103.957 274 63.7061 246 59.7319 226 55.8638 
283
10 146 179.845 145 170.054 276 109.07 132 93.7302 275 88.084 258 74.4083 131 63.2121 133 58.8658 246 56.0595 144 52.0059 
284
10 286 549.6 285 542.674 287 279.638 288 155.834 145 138.157 132 126.816 289 110.072 131 97.4003 133 83.2177 276 73.9754 
285
10 284 502.59 286 274.01 287 233.805 132 183.883 288 180.744 131 126.035 133 125.564 145 90.8476 277 70.074 130 69.3999 
286
10 284 498.283 285 264.628 132 196.432 133 157.624 131 124.91 278 84.0006 128 70.5869 130 59.3253 144 49.5569 196 47.8177 
287
10 284 246.3 285 223.537 133 151.788 132 147.013 145 66.7438 278 64.4288 131 55.8972 241 38.2201 196 32.1438 258 25.2242 
288
10 289 775.308 285 157.139 284 127.293 132 98.6815 300 42.2504 299 35.7049 131 31.0997 278 30.4999 241 22.0152 196 17.8009 
289
10 288 746.205 284 84.6908 132 77.3993 299 44.2211 135 27.1784 10 19.1956 278 19.1668 200 17.945 241 16.6608 131 15.6009 
290
10 291 660.432 132 53.1813 300 37.6913 299 32.9205 135 25.4626 278 19.898 258 15.3498 200 12.6894 10 12.6713 196 11.466 
291
10 290 646.466 292 557.171 146 139.114 145 63.6183 91 53.518 132 49.0546 87 37.1863 253 29.2493 278 28.2966 92 21.9748 
292
10 291 529.144 89 310.527 90 237.598 146 139.725 91 127.399 145 80.8264 87 77.3644 92 47.1902 132 36.7419 253 33.0181 
293
10 88 987.793 89 633.829 90 252.603 145 58.5741 146 37.977 92 30.5589 144 27.5363 143 15.5826 253 8.27561 246 6.49758 
294
10 90 81.9183 91 61.593 101 26.5389 92 20.4268 143 19.8879 100 17.321 142 15.6157 113 15.2482 217 13.3748 141 13.0048 
295
10 296 213.322 100 20.4309 141 18.4903 113 17.1775 213 12.5077 139 10.8863 214 10.2677 216 10.212 217 9.8285 140 9.82401 
296
10 297 248.151 295 200.031 298 158.967 75 8.11232 213 5.76431 113 5.24723 216 4.96506 25 4.57848 215 4.18264 23 4.15108 
297
10 296 252.882 21 16.8301 29 13.7236 51 13.4758 28 12.3287 30 12.2674 52 11.3771 58 11.1811 57 10.5145 75 10.3255 
298
10 296 166.773 136 55.064 135 40.2918 33 33.9408 34 33.4383 137 32.8548 19 30.3148 31 29.4516 134 27.5102 20 26.1468 
299
10 135 114.587 19 89.6504 134 86.5019 34 69.148 41 66.0382 42 53.9706 136 48.9045 289 46.6092 44 41.9793 43 39.4146 
300
10 134 85.3105 135 75.1831 19 60.1815 41 56.2858 34 53.1031 288 44.1844 42 42.2127 290 40.105 43 34.6012 299 30.6606 
