298
0
10 139 340.032 6 184.751 11 183.706 140 180.58 8 162.409 7 160.469 12 159.331 138 118.548 13 77.0938 141 60.3599 
1
10 139 336.309 11 196.859 6 187.087 140 181.643 12 165.239 8 165.232 7 163.642 138 119.407 13 78.8602 141 69.8587 
2
10 6 223.267 11 209.05 8 194.427 140 191.534 7 186.969 12 158.87 138 131.08 13 80.3243 141 59.0748 60 46.2803 
3
10 139 528.101 5 388.781 6 331.486 8 328.854 11 325.712 7 272.543 140 210.249 12 193.012 9 171.53 138 127.552 
4
10 6 564.944 139 522.08 7 472.371 11 359.679 8 322.676 138 178.426 12 171.267 140 115.973 13 53.5569 57 28.5772 
5
10 10 530.719 3 441.984 139 356.162 7 335.783 11 204.719 138 191.749 6 106.896 12 75.638 140 66.9403 59 63.9594 
6
10 9 1004.17 4 598.15 138 398.365 10 381.379 3 378.74 139 319.062 2 269.841 1 232.853 0 229.543 11 133.65 
7
10 9 861.961 8 516.514 4 510.219 5 352.853 3 314.937 10 294.104 139 279.04 2 223.278 1 199.146 0 195.51 
8
10 9 886.108 7 519.903 3 380.092 10 367.609 4 352.538 2 237.428 1 207.697 0 203.962 11 123.003 140 56.5758 
9
10 6 979.595 8 846.632 7 824.445 139 380.86 10 291.261 11 215.666 3 201.013 138 173.083 140 78.2104 12 62.5966 
10
10 5 501.03 139 432.142 6 360.145 8 344.751 9 281.506 7 273.986 11 193.435 12 172.96 140 157.249 138 103.241 
11
10 4 347.324 3 345.392 13 292.961 2 242.355 1 235.736 0 218.408 9 208.333 139 205.515 5 189.634 10 188.674 
12
10 14 401.491 60 293.963 15 252.035 3 207.414 1 190.155 140 183.16 0 182.832 2 180.368 10 172.468 4 166.846 
13
10 14 554.004 15 386.656 11 337.282 60 252.366 57 163.336 17 147.834 2 97.9528 1 97.3043 3 96.9644 0 94.5319 
14
10 15 663.62 13 588.529 12 464.905 17 296.42 11 204.264 18 160.513 57 144.517 56 46.4995 55 36.8416 54 27.3447 
15
10 14 699.015 16 593.031 13 430.581 17 412.529 59 363.016 12 303.241 58 281.814 18 223.666 11 116.895 1 23.6386 
16
10 15 633.068 17 314.485 59 235.862 58 192.94 57 178.971 12 149.55 56 71.9344 11 54.4006 140 48.7465 31 14.4401 
17
10 15 488.724 14 373.485 16 342.905 13 197.062 59 174.934 58 162.609 57 152.484 12 122.913 56 69.0627 11 57.712 
18
10 15 283.73 14 225.545 20 186.905 59 151.487 13 143.252 58 127.863 57 124.795 56 64.6486 55 56.8633 54 37.4136 
19
10 20 295.959 21 197.979 57 103.055 58 92.0227 26 57.3442 27 37.6348 56 35.3115 55 29.7652 6 28.2898 54 26.8473 
20
10 19 320.298 21 290.829 18 213.543 22 184.19 25 85.6161 26 58.9376 57 41.1698 27 41.038 58 39.9275 54 20.7253 
21
10 20 305.413 22 234.431 19 224.856 24 156.534 25 105.223 26 64.2101 27 40.8065 46 38.6805 45 25.2889 44 24.3686 
22
10 24 256.151 21 238.607 20 195.916 23 144.142 25 140.455 46 70.5264 47 68.1856 26 64.5437 45 40.4049 27 34.0373 
23
10 24 391.445 25 256.401 22 147.693 46 103.247 45 59.4172 44 43.7278 51 33.0082 52 28.4705 43 27.418 28 26.8584 
24
10 25 372.481 23 361.359 22 249.049 26 188.751 21 160.116 27 91.9775 45 83.0614 46 76.8816 44 64.3294 28 43.8451 
25
10 24 339.726 26 253.789 23 221.023 27 153.049 22 133.345 21 109.785 47 108.583 20 92.4287 45 82.0973 28 73.5461 
26
10 25 244.341 27 229.217 24 170.407 28 125.679 46 116.308 43 105.863 44 74.3148 19 70.1234 29 69.0444 21 65.5583 
27
10 26 220.95 28 179.958 25 144.908 45 135.531 29 129.051 30 99.7552 42 85.8655 24 83.3157 31 82.0603 43 78.9895 
28
10 27 176.398 29 152.707 26 119.963 44 103.324 31 101.024 45 82.0432 25 69.0498 32 66.6068 41 62.103 52 60.332 
29
10 28 149.742 31 139.565 30 133.571 27 124.601 43 112.848 32 95.5161 44 76.305 26 64.8799 33 48.9507 45 43.7753 
30
10 29 131.007 31 121.388 32 117.167 42 113.69 43 110.745 27 93.0146 33 79.1141 44 57.4308 26 48.1714 52 42.6108 
31
10 42 164.094 29 130.143 30 121.249 296 103.223 294 98.1836 295 97.6464 41 94.8927 28 93.5612 43 83.1783 27 73.4362 
32
10 41 170.396 42 132.062 30 117.217 29 91.7441 28 63.7815 297 59.5961 43 56.7485 53 49.6803 54 43.99 298 35.0004 
33
10 41 141.487 42 80.9561 30 78.8533 29 47.6332 28 40.6598 43 30.7202 298 29.7532 300 28.7787 299 28.641 40 27.4157 
34
10 30 23.1904 301 20.1939 300 18.8391 299 17.5907 298 17.3384 29 13.9975 297 12.081 32 8.23883 33 8.15886 288 5.49184 
35
10 300 11.7355 301 11.6763 299 9.6874 298 8.05371 32 7.48041 297 6.00914 288 5.07695 289 4.77186 287 2.35231 290 1.74587 
36
10 300 11.6687 301 11.6028 299 9.68876 32 9.45091 298 9.29993 297 5.87258 288 3.77363 289 3.37112 287 2.34233 290 0.896709 
37
10 13 11.4853 300 9.02499 301 8.32888 32 8.07485 299 6.95792 12 6.87926 298 6.39164 145 3.77516 297 3.64863 146 3.13777 
38
10 301 11.0419 12 10.8794 300 10.5121 13 10.4544 299 9.1211 298 7.91753 11 5.67319 288 3.68897 297 3.65578 289 3.13854 
39
10 301 20.6887 300 18.5191 299 17.963 298 15.6814 297 8.08188 289 3.84156 288 3.71068 287 2.51926 130 0.664025 124 0.585268 
40
10 32 31.3059 33 27.9252 30 26.4488 301 26.0835 300 26.0794 298 25.7606 299 24.9559 28 18.6122 297 16.4794 27 12.1368 
41
10 32 162.327 33 135.584 42 127.201 31 94.7487 28 59.134 52 43.9943 27 42.5171 18 28.673 44 23.0969 297 21.622 
42
10 31 155.725 32 124.2 41 124.153 52 117.363 30 105.356 44 87.3135 33 76.3336 27 75.5932 53 72.7185 51 58.8227 
43
10 52 143.633 30 106.995 29 104.06 26 92.4174 31 86.0797 27 68.1449 32 55.3816 24 33.6505 33 30.2083 23 22.1985 
44
10 50 122.886 28 97.5262 42 91.9731 29 74.9962 26 64.6165 30 59.9848 24 55.1036 31 47.2873 51 44.3313 23 36.2231 
45
10 27 132.146 49 103.608 28 79.5964 25 73.7791 24 72.0413 23 50.3934 29 43.8743 22 34.892 50 34.2821 30 33.6782 
46
10 48 126.414 26 112.539 23 85.262 24 63.8027 22 59.6641 49 57.97 21 36.763 138 19.9638 7 17.3017 6 16.0584 
47
10 25 103.427 22 56.6608 48 33.6593 138 15.4049 6 11.9487 7 10.3288 8 9.4109 21 7.56392 5 6.07133 139 5.22186 
48
10 46 129.327 47 33.0641 25 30.9117 137 3.91992 22 1.34921 138 0.879511 65 0.701538 7 0.69768 6 0.674855 8 0.65802 
49
9 45 102.051 46 55.5971 26 26.0531 27 19.8777 137 6.36759 22 1.84506 138 1.79967 9 0.535059 65 0.33378 
50
10 44 122.059 27 34.32 45 33.5399 28 22.5547 29 21.6358 23 19.9123 26 15.0547 24 14.1598 137 11.0774 21 8.64196 
51
10 42 62.9525 28 45.2723 44 43.5828 25 39.3096 29 32.8657 24 32.6124 23 26.5767 30 24.0999 31 22.843 138 18.9039 
52
10 43 137.964 42 116.125 28 52.052 25 43.1848 41 41.669 30 39.211 31 34.3146 24 29.9521 23 22.9212 6 17.9874 
53
10 42 65.235 32 42.8708 31 40.5638 30 31.2955 29 28.3069 24 20.0891 19 19.6616 21 17.4203 60 16.0474 20 15.4579 
54
10 59 44.5002 18 39.2349 32 36.7587 14 34.7358 13 33.5267 17 32.9637 19 27.2075 31 26.6795 20 20.4299 21 12.6883 
55
10 18 58.1593 12 46.2767 14 44.8049 13 42.2426 59 37.4937 60 34.1848 19 30.2824 58 22.5983 11 19.2822 61 17.4294 
56
10 16 80.7731 17 71.9463 59 67.1098 18 63.4032 13 59.295 14 58.5879 19 33.1404 31 21.4242 0 19.3909 20 19.1652 
57
10 59 351.791 13 204.933 16 183.987 14 170.691 17 147.511 18 112.398 58 99.6097 19 86.0045 6 60.8727 8 60.4248 
58
10 59 319.692 15 297.2 16 187.065 17 146.832 18 104.834 61 93.6486 57 90.7442 19 70.1304 138 66.6361 6 42.5828 
59
10 60 427.256 15 345.001 57 288.586 58 279.347 16 209.59 17 142.257 61 141.985 18 111.097 5 75.0149 6 63.9625 
60
10 59 367.351 61 302.03 12 289.128 13 230.724 11 93.7957 62 80.2075 0 54.081 2 53.9956 1 52.8103 3 39.8663 
61
10 62 362.428 60 276.707 59 116.578 140 96.0108 58 71.347 12 60.209 1 49.636 13 49.4514 0 45.1039 2 41.7617 
62
10 61 365.514 63 316.108 141 234.894 64 108.02 60 71.3141 140 50.3178 2 24.3504 0 24.1933 59 23.504 1 23.1235 
63
10 62 343.178 64 289.154 65 108.858 141 69.8415 66 25.4012 140 16.5513 1 8.41582 23 8.24291 2 8.04237 11 7.62014 
64
10 63 309.71 65 272.486 62 125.037 66 120.437 61 27.2702 67 27.253 68 8.41742 22 4.57039 60 3.59398 69 3.09069 
65
10 64 283.309 63 124.295 67 105.73 68 38.8528 62 26.0397 69 14.7641 61 5.8481 70 4.5663 71 1.81323 241 1.44926 
66
10 64 130.486 68 102.127 69 45.9596 63 28.0955 70 24.0045 71 12.1811 153 9.59289 243 6.6317 73 5.60856 74 5.33188 
67
10 68 156.354 69 131.154 65 113.098 70 53.527 64 29.3175 71 23.1085 72 14.0112 243 11.6918 73 10.4762 74 9.98415 
68
10 67 166.029 69 145.6 66 113.133 70 108.223 71 51.9884 65 41.6649 72 25.9873 73 20.9346 243 19.4463 74 17.993 
69
10 68 155.59 67 147.809 70 97.5095 71 78.1846 66 54.8728 72 44.8302 73 32.7605 243 30.7793 74 24.1131 244 20.9153 
70
10 68 124.206 69 104.637 71 85.1225 67 64.5825 72 55.6728 73 41.034 243 38.4748 74 32.8736 244 31.058 66 30.8752 
71
10 72 98.0809 70 93.0493 69 90.9921 73 66.5952 68 64.7967 241 56.6331 240 56.4744 239 51.5994 74 48.6188 242 48.1061 
72
10 243 143.394 73 121.581 71 105.689 244 80.7215 242 76.8945 70 65.2859 74 55.8997 69 55.8652 75 37.8393 68 34.3176 
73
10 244 133.454 72 133.088 74 104.697 71 75.5863 243 63.085 70 50.3553 75 45.2046 69 42.8249 76 29.2311 68 28.9232 
74
10 73 114.036 244 79.1475 72 62.6705 71 57.2265 75 53.1169 70 41.9564 76 33.1937 69 32.5053 245 28.9061 68 25.7566 
75
10 74 59.1756 73 51.1442 76 46.0615 72 43.8333 243 42.524 71 41.6939 245 33.3594 70 31.9775 69 25.044 68 22.603 
76
10 75 51.2133 247 48.6617 74 37.8729 248 35.7295 73 34.204 72 28.8794 245 27.8823 244 27.5482 243 26.543 71 23.1661 
77
10 248 102.402 253 67.6943 247 59.452 246 59.2777 82 45.6184 81 44.749 249 36.7826 254 21.3075 256 18.3116 257 14.9839 
78
10 249 78.8313 248 73.3537 253 71.7398 81 57.1737 82 50.0106 80 49.6536 247 48.32 252 47.2913 79 42.3782 250 31.5686 
79
10 253 81.1343 250 63.8645 81 59.7725 78 47.6798 251 45.1892 248 41.9105 249 41.8618 247 27.6456 256 23.7756 254 22.8467 
80
10 82 61.0399 78 59.1752 251 58.3276 250 49.6765 248 33.2884 249 25.7 79 21.5957 83 20.1493 254 19.6111 81 19.5673 
81
10 251 74.6376 78 71.6166 79 68.6988 77 63.512 252 44.0724 250 38.8903 248 26.8853 249 26.4348 80 20.8648 82 20.8402 
82
10 252 71.1786 77 60.6359 80 59.6525 78 57.6366 251 48.1582 245 22.9789 249 20.7949 248 19.3203 81 19.2182 246 15.842 
83
10 254 22.5004 253 21.1951 80 18.8879 252 18.1016 79 16.6894 251 16.3116 78 13.7859 76 13.432 249 13.3556 81 12.7264 
84
10 255 34.6624 254 21.9142 253 13.6134 81 12.2058 80 11.4334 79 9.5287 252 9.48094 76 8.67798 74 7.92698 251 7.70517 
85
10 255 34.402 254 13.0629 82 7.91047 253 6.57271 256 5.33619 80 5.25443 155 4.6318 257 3.77512 154 3.56835 81 3.39156 
86
10 254 8.36194 82 6.16295 253 3.82933 81 2.99912 256 2.92829 224 2.78517 80 1.97576 154 1.49461 76 1.24866 75 1.10251 
87
10 255 11.7724 254 6.78856 80 4.3766 224 2.96223 223 2.94093 253 2.92793 81 2.86781 256 2.80975 244 2.46334 247 2.27577 
88
10 223 9.66957 255 9.6525 254 6.13671 224 5.96731 253 4.16417 80 4.01636 225 3.9502 226 3.92071 227 3.86809 155 3.04922 
89
10 223 9.77514 254 8.29406 226 7.62972 154 7.3271 256 7.32498 225 6.71919 155 6.38196 260 6.26162 253 5.76641 257 5.76286 
90
10 220 11.2731 261 9.91899 221 9.5043 225 8.51397 224 8.47162 260 8.38547 223 6.81093 226 6.71049 254 5.42713 154 5.28829 
91
10 218 48.6165 219 34.3177 217 18.9025 220 9.23696 262 8.54243 261 8.30729 224 6.53076 225 5.50189 226 4.61865 253 3.84702 
92
10 215 26.9043 217 26.8281 219 24.9708 216 23.225 262 14.0373 220 10.6731 261 9.97926 224 7.80498 214 6.41737 226 6.14827 
93
10 215 17.8014 263 10.7277 214 9.61711 262 9.41139 264 8.1337 222 7.11653 221 6.69083 261 5.57234 224 5.06811 223 4.24379 
94
10 263 13.832 215 13.1571 264 8.85201 262 8.23113 213 7.91799 214 6.70224 212 4.49747 261 4.43362 223 3.91298 226 3.41054 
95
10 265 9.37961 266 8.24053 215 7.8716 263 7.13078 262 5.08082 264 4.31638 213 3.45901 223 2.79288 261 2.57356 253 1.87654 
96
10 266 11.2456 265 8.68994 267 7.75219 215 7.02617 263 5.35216 214 4.36145 264 3.31786 223 2.89516 262 2.50669 213 2.42512 
97
10 267 14.7541 266 8.68815 215 7.11401 265 7.04392 263 3.89638 214 3.78215 264 3.4925 213 2.70656 262 2.48871 225 1.33995 
98
10 268 13.3409 267 9.665 197 6.12282 198 3.93349 266 3.19978 215 3.13714 265 2.75911 263 2.01952 264 1.81619 214 1.40636 
99
10 269 20.807 197 13.8162 195 9.53576 268 9.5296 196 8.18883 267 5.06141 198 4.06436 199 4.02231 265 2.5791 266 1.98374 
100
10 195 43.8323 270 38.1391 193 28.4653 196 21.8547 194 20.1717 269 18.58 197 12.7341 198 8.0852 199 7.70637 277 7.00673 
101
10 195 17.0423 192 16.164 193 15.8472 271 15.2778 191 15.0236 196 13.9139 270 11.3834 275 7.55186 190 7.30119 197 7.22665 
102
10 271 16.4701 272 14.8906 274 11.902 192 11.293 191 11.2376 273 10.6787 196 9.97116 190 7.92132 197 5.76831 269 4.16794 
103
10 272 13.2207 192 12.2627 271 10.4862 273 10.4031 274 8.67211 191 8.19782 196 7.74495 197 6.80762 190 5.70058 270 5.61209 
104
10 192 10.0896 273 8.54146 271 8.52238 196 7.27939 191 7.10562 274 6.87312 270 5.9164 190 4.46649 197 4.45167 269 3.18133 
105
10 107 20.8747 106 17.2379 273 11.1614 271 10.6987 274 9.34255 192 8.78556 191 7.11081 272 6.57469 275 6.23728 196 5.72317 
106
10 107 20.4963 105 15.6067 272 5.97343 271 4.24518 274 3.75634 191 3.71942 270 3.19914 196 2.67742 197 2.04588 267 1.85448 
107
10 106 18.2846 105 17.7611 272 5.14469 273 3.38797 271 2.41319 191 2.11679 274 1.96958 270 1.60823 196 1.56008 197 1.4422 
108
10 191 1.86102 271 1.80949 270 1.68712 273 1.52416 274 1.31492 269 1.1353 197 1.10309 267 0.436608 190 0.20611 189 0.152031 
109
10 111 41.5369 112 26.021 110 17.7045 113 4.76915 181 1.32061 279 0.851761 185 0.840231 184 0.820563 183 0.801914 182 0.763726 
110
10 112 59.3545 111 44.8057 113 30.3791 109 18.9736 173 14.2596 172 11.2758 174 11.1552 187 8.19489 171 8.19115 186 8.07532 
111
10 113 68.3673 112 63.0744 110 44.7042 109 43.0983 186 12.3801 185 11.3436 187 10.4441 184 9.50045 181 9.31137 188 7.43208 
112
10 114 71.9037 111 64.4067 110 59.8429 113 43.8259 109 25.4466 202 10.8903 121 10.6639 203 9.84524 120 9.59714 118 9.4394 
113
10 111 72.9811 112 47.1247 110 33.4749 114 28.8119 117 24.7873 121 13.5929 118 13.5244 119 12.3587 122 11.3771 123 4.87011 
114
10 112 75.1487 116 42.101 117 40.2955 118 32.318 113 30.2937 119 20.873 121 19.6396 122 15.0366 115 10.9492 123 8.24189 
115
10 117 78.2242 118 71.3588 119 46.734 120 36.9021 121 31.4981 116 30.7541 122 15.625 114 11.0917 123 7.82104 124 4.8916 
116
10 118 129.581 117 102.079 119 87.0225 120 48.1099 114 44.6624 121 37.2876 115 33.2629 122 21.0831 123 12.3409 124 7.94829 
117
10 119 130.552 118 122.848 116 102.021 115 80.3918 120 70.1953 121 54.6105 114 40.3581 122 29.0248 113 23.7101 123 18.9984 
118
10 119 150.525 116 125.305 117 121.024 120 104.069 115 72.1519 121 69.127 122 44.0461 114 33.179 123 25.2167 124 18.1327 
119
10 118 151.523 117 128.285 120 111.542 121 104.228 116 84.6631 122 59.375 115 46.4189 123 35.4951 124 22.1349 114 20.4106 
120
10 121 130.687 119 111.589 118 104.14 122 104.131 117 68.2006 123 58.2466 116 45.9423 115 35.0647 124 30.1856 125 14.2593 
121
10 120 131.172 122 131.019 123 115.482 119 104.917 118 69.3878 117 52.9878 124 39.5765 116 34.5633 115 28.282 125 21.0558 
122
10 123 178.871 121 126.735 124 120.483 120 103.17 119 58.9308 118 43.4205 125 36.637 117 27.5602 116 19.1131 115 13.67 
123
10 122 176.875 124 167.862 121 108.56 125 70.8811 120 55.7507 119 33.9831 118 23.9514 117 17.3217 126 14.6105 116 10.6879 
124
10 123 165.96 122 115.74 125 79.8025 121 35.8629 120 27.6628 126 24.6559 119 20.2649 118 16.3817 117 8.60754 116 6.60485 
125
10 124 79.7031 123 68.1644 122 33.4607 126 20.5915 121 18.4722 120 12.6845 119 8.11687 118 7.05794 128 3.98579 117 3.73496 
126
10 124 24.2879 125 20.7402 123 13.4821 122 11.5044 121 9.11235 120 7.33461 118 4.30527 119 4.08719 128 3.38335 130 2.92334 
127
4 143 7.53989 142 5.0506 61 1.50411 145 0.317982 
128
10 129 58.0402 130 45.2999 131 14.0429 125 3.8855 123 3.35335 126 3.24677 297 3.1667 124 2.77872 146 2.77247 132 2.75985 
129
10 130 203.465 131 113.805 128 58.1101 132 17.1499 297 5.29869 288 4.79991 289 4.64856 299 3.98294 298 3.92742 300 3.49017 
130
10 131 295.53 129 218.344 132 73.4635 128 47.7447 297 11.6253 133 5.42592 299 5.07668 298 4.92325 289 4.76849 292 4.42962 
131
10 130 312.707 132 227.641 129 127.618 133 29.8524 297 23.9574 134 17.6651 292 15.841 128 15.3057 291 8.80472 289 5.94436 
132
10 133 290.435 131 248.606 134 112.67 130 84.7409 292 72.6934 135 30.0265 291 27.1057 129 19.7246 298 18.3225 299 11.0204 
133
10 132 327.273 292 171.031 135 88.2078 291 46.0032 131 37.0376 298 20.5035 136 13.2904 299 12.5183 32 11.4695 290 8.47909 
134
10 135 294.077 132 137.762 291 95.6855 136 55.4745 131 22.673 290 16.5882 137 14.514 53 5.68706 289 2.97186 138 2.87617 
135
10 134 305.869 136 244.141 292 185.292 293 150.314 291 106.59 133 99.0234 137 82.2064 294 71.4806 295 51.0799 132 36.9335 
136
10 135 263.798 137 249.353 291 109.823 292 71.0039 138 64.9654 134 61.4427 290 54.5921 294 21.7149 7 18.8458 6 18.3905 
137
10 136 265.395 138 218.724 135 91.8167 6 68.1757 291 42.8764 9 23.8707 292 23.8011 139 23.6532 5 20.9385 2 20.8056 
138
10 6 331.313 137 239.436 139 221.082 5 159.65 4 159.118 9 144.515 2 138.063 1 129.231 0 127.855 3 124.604 
139
10 3 527.04 4 481.612 10 406.125 0 385.202 1 380.878 9 352.926 5 319.755 6 285.264 7 247.248 138 234.045 
140
10 139 226.038 141 221.361 3 210.333 2 209.554 1 202.699 0 201.348 11 167.226 12 154.573 10 150.905 4 109.663 
141
10 140 227.631 62 187.264 142 182.302 1 74.1494 12 69.604 143 63.8933 0 63.7533 2 62.0355 11 51.9164 63 50.7618 
142
10 141 161.452 140 21.4218 11 14.1086 1 10.5195 0 8.88087 2 8.6413 127 6.98846 297 3.71206 31 3.68518 289 3.59814 
143
10 141 50.4201 11 8.56311 127 8.13594 289 4.63633 2 3.38808 31 3.37716 1 3.27771 0 3.06279 130 1.79497 42 1.76887 
144
10 130 2.47124 150 1.87236 31 1.70217 124 1.68593 128 1.51577 129 1.48734 126 1.22174 125 1.11265 122 1.04703 25 0.901948 
145
10 148 81.9743 149 28.0875 37 2.08468 130 1.2034 124 1.07319 128 1.01764 129 0.949697 126 0.838659 125 0.771726 140 0.722844 
146
10 148 174.414 149 82.1337 150 12.721 130 1.74116 37 1.62762 38 1.59357 128 1.5291 129 1.51111 124 1.49508 126 1.30725 
147
10 150 469.904 2 1.81735 1 1.77034 0 1.61384 140 1.50538 3 1.1138 290 0.567893 24 0.524079 237 0.0863285 238 0.07269 
148
10 146 153.02 145 67.1002 140 1.86477 2 1.33531 1 1.31858 0 1.30505 236 1.1436 237 1.11646 235 0.908287 3 0.790635 
149
10 146 68.8679 145 22.5328 238 1.22604 235 0.890715 3 0.818265 2 0.815208 1 0.814234 0 0.804928 236 0.770936 237 0.766284 
150
10 151 1653.9 152 1093.58 147 386.519 146 9.91246 238 1.61948 237 1.3384 144 1.11356 236 0.772679 139 0.64781 7 0.59371 
151
10 150 1595.77 152 1258.91 153 614.188 154 101.339 239 4.50726 238 1.66579 237 1.17206 236 0.813201 225 0.601916 139 0.39177 
152
10 151 1135.21 150 976.369 153 738.739 154 209.13 222 2.41442 225 2.1351 224 2.00777 223 1.88484 219 1.83456 238 1.67044 
153
10 152 672.343 151 518.38 154 245.196 225 8.25105 223 7.62747 238 6.13562 224 6.09076 66 5.55532 222 2.98702 219 2.59405 
154
10 153 238.392 152 205.738 151 90.832 225 13.6556 223 9.48168 224 7.05136 89 5.17067 90 3.8151 222 3.72369 92 3.23286 
155
10 225 8.97362 223 5.84779 224 5.69444 89 4.81903 85 3.02983 265 2.86782 215 2.63731 266 2.45876 88 2.23453 222 2.23408 
156
10 225 11.6949 224 5.6232 223 5.44509 89 3.11702 265 3.05564 215 2.51955 266 1.95664 216 1.39091 90 1.24825 85 1.18692 
157
10 265 10.0274 225 6.83644 266 3.38961 215 3.30314 223 3.27355 89 3.23659 90 2.73883 216 2.18682 230 1.66462 94 1.21596 
158
10 162 38.4681 229 27.3407 164 14.7904 161 13.8605 165 12.6859 265 12.2217 225 8.6058 166 7.30785 224 7.21526 223 6.80824 
159
10 228 91.0604 161 65.96 162 56.5505 163 36.6712 164 18.9404 229 16.3889 160 14.2973 265 14.2878 264 9.42842 165 7.65285 
160
10 228 144.882 227 90.4524 163 58.3543 229 39.2652 230 25.9681 164 20.688 159 15.1259 264 11.3709 265 11.0684 165 10.0838 
161
10 162 126.137 163 96.113 228 79.7961 159 63.6445 229 54.2015 230 42.953 164 37.1032 165 16.9056 231 14.9793 158 14.9708 
162
10 163 136.666 161 123.672 230 58.9764 164 58.3471 159 53.1492 229 46.9118 228 45.9175 158 37.4896 165 27.2152 231 24.1617 
163
10 162 143.462 164 97.1071 161 96.3884 165 55.9506 160 55.6178 230 39.3716 159 37.0842 228 34.3632 229 30.1758 166 29.6736 
164
10 165 147.471 163 107.196 166 99.9444 162 66.3413 161 39.0228 167 38.6384 230 36.3538 231 32.7876 160 20.5221 159 19.7487 
165
10 166 181.597 164 168.41 167 112.546 163 65.3503 168 41.6548 162 30.6062 230 22.9533 231 22.0081 169 19.2026 161 16.6601 
166
10 165 205.464 167 200.103 164 126.044 168 112.678 169 56.9868 163 34.2018 170 21.1941 230 18.6666 162 18.2547 161 10.0693 
167
10 166 226.914 168 208.538 169 146.274 165 141.674 170 67.5034 164 51.2112 171 24.9433 188 14.6275 172 14.3 202 13.4979 
168
10 167 236.678 169 201.341 166 142.296 170 135.411 165 56.4958 171 52.7922 172 30.7833 174 19.2391 181 17.8895 182 17.2203 
169
10 168 225.835 167 182.93 170 179.691 171 129.767 166 76.7333 172 66.7769 173 32.5808 174 27.9444 165 27.8607 182 26.9239 
170
10 169 200.734 171 172.682 168 164.405 172 125.443 167 90.3826 173 49.8768 166 30.5012 175 14.5027 165 10.4708 201 6.667 
171
10 170 188.339 169 149.865 172 133.651 173 71.9615 168 64.0317 174 42.9337 167 32.3668 280 13.775 166 13.6364 281 13.5895 
172
10 171 146.048 170 139.782 173 97.9206 169 78.2682 168 37.9332 167 18.4599 110 8.58946 166 7.29815 200 5.25529 201 5.2181 
173
10 172 110.12 171 82.6673 170 56.5735 169 38.7976 110 10.7257 200 7.12388 201 5.80163 276 4.36015 202 4.35913 180 1.26414 
174
10 171 47.6202 169 31.2444 168 22.531 275 12.6549 167 11.6648 110 7.95342 276 7.18515 200 6.79239 274 6.67756 201 5.15973 
175
10 170 13.6039 180 11.5179 275 9.01772 168 8.44708 171 6.60535 199 2.86699 201 2.73947 167 2.63094 101 2.36379 200 2.31743 
180
10 175 13.4191 276 10.9134 273 7.41593 277 7.40288 199 6.12285 101 4.56888 278 3.27132 105 2.81536 283 2.40064 275 2.39427 
181
10 169 30.8814 168 21.463 199 16.7922 167 10.0484 273 8.07974 200 7.90371 201 7.74223 166 6.91648 111 6.1804 202 5.83311 
182
10 169 31.0359 168 21.1899 199 17.9077 167 12.4928 273 10.23 200 7.42486 201 5.84998 202 5.80414 110 4.81293 111 4.71699 
183
10 169 26.1802 187 25.1601 168 18.8065 199 15.0574 167 13.2481 200 8.94213 166 7.01419 201 6.56387 202 5.17236 110 4.78505 
184
10 188 68.3411 187 28.7336 168 20.9697 198 12.0517 167 11.6772 201 9.89479 200 9.19882 202 9.08777 166 7.2607 111 6.65987 
185
10 188 56.6526 187 29.8238 199 24.625 189 23.7841 200 14.6062 198 13.7467 201 12.092 190 10.122 111 8.7893 202 8.65771 
186
10 188 32.1185 189 22.0254 200 17.535 199 14.1453 198 10.6167 201 10.1892 111 10.0479 202 9.77279 110 7.53907 112 7.22049 
187
10 184 31.8971 185 31.0348 183 29.6127 199 26.5763 200 24.3053 190 22.363 188 20.3539 198 17.1464 201 12.67 202 11.9087 
188
10 184 71.4738 185 56.8247 186 30.4716 199 28.5056 198 23.0902 189 22.6868 167 20.051 187 19.9032 200 17.9709 191 17.7071 
189
10 190 26.5293 185 24.7777 188 22.9021 186 22.7169 191 21.0923 198 19.1526 269 14.6494 199 13.2744 273 11.5629 268 10.3641 
190
10 271 27.3918 189 26.5912 187 24.1033 198 16.3868 272 14.098 185 11.5672 268 10.5196 102 8.37492 267 7.53739 101 7.39251 
191
10 271 97.4473 193 22.3951 189 20.0302 268 17.008 188 16.7382 101 15.2278 102 12.1546 198 11.3491 103 9.42161 105 8.80801 
192
10 269 29.5726 101 16.5614 103 14.2716 268 13.0087 104 12.4458 102 12.3898 105 11.2636 277 9.49514 193 9.34533 267 7.26917 
193
10 100 25.2633 191 23.6394 101 17.4023 269 12.9589 192 9.82992 275 8.61146 190 6.54266 268 4.97179 276 4.87354 267 3.70056 
194
10 100 20.4575 270 12.5454 275 8.46735 269 7.10367 276 5.3932 268 4.29353 277 4.26645 267 4.23404 198 2.41212 264 0.700456 
195
10 100 45.4837 101 19.3619 269 13.7713 199 9.53445 99 8.73005 198 7.41001 267 7.21288 265 3.85945 278 2.31498 263 2.24401 
196
10 100 25.2401 269 21.5275 101 16.7532 197 13.2609 102 12.3503 268 11.7533 198 11.3499 103 9.91143 104 9.62879 267 9.43314 
197
10 268 16.6002 196 15.0869 100 14.7971 99 14.4234 267 12.7051 101 8.55923 103 8.20782 102 6.98025 266 6.33637 98 6.07766 
198
10 188 23.2473 189 21.638 268 21.2555 190 18.8138 187 18.1159 191 14.287 185 14.1189 267 13.9818 270 13.7528 184 13.4138 
199
10 188 30.8037 187 28.2241 185 26.1684 182 21.6432 181 20.2717 183 17.9044 189 14.62 186 14.1044 267 13.5871 268 13.3105 
200
10 187 24.2247 188 19.4201 186 17.1965 209 16.7797 185 14.9357 183 10.5101 184 10.2597 267 10.2297 212 10.2035 208 9.75528 
201
10 209 21.896 208 18.8328 207 15.9159 188 14.2143 169 13.5634 206 12.6691 187 12.1305 185 11.7029 210 11.5179 184 10.4982 
202
10 167 17.2085 168 15.1183 169 11.1521 187 10.3294 188 9.36113 184 8.62921 186 8.47341 185 7.528 112 7.28892 170 6.27108 
203
10 112 6.81535 186 3.61986 166 2.89817 167 2.71945 187 2.31656 168 1.63972 111 1.21671 185 0.715042 184 0.652943 287 0.244463 
204
10 112 5.41114 165 4.97009 166 2.86748 186 2.22121 167 1.52127 187 1.4182 111 1.09131 185 0.638657 171 0.446243 287 0.252636 
205
10 112 5.97835 200 3.43602 186 0.802603 167 0.569815 111 0.385321 287 0.215874 288 0.17448 146 0.147662 144 0.0822103 143 0.0582557 
206
10 201 11.7216 200 6.63194 232 4.29144 112 3.21448 167 1.00797 162 0.833964 163 0.830752 164 0.765267 186 0.697671 187 0.660086 
207
10 201 14.1615 200 7.61227 112 2.91769 163 1.7369 164 1.62753 186 1.4531 187 1.01537 167 0.822525 168 0.359141 111 0.328171 
208
10 201 15.7141 164 8.7196 200 8.32176 165 3.76025 199 3.69106 166 3.12613 112 2.62072 167 2.08545 186 1.65468 168 1.65306 
209
10 211 42.6012 212 29.4645 201 17.6083 200 14.4207 214 10.3347 165 5.84301 167 5.73911 199 5.65513 166 4.40786 168 3.06348 
210
10 212 56.014 213 40.792 211 30.974 262 14.2288 201 10.1262 261 8.34866 266 7.6446 215 5.95814 199 5.39699 167 3.5357 
211
10 213 60.841 212 47.3364 209 41.3821 210 30.7246 262 28.3206 214 27.1158 215 16.4455 265 16.0717 261 15.845 266 14.3291 
212
10 210 54.4666 211 46.1763 262 41.5733 213 38.6687 214 29.1125 209 27.3588 265 24.2721 260 12.5059 215 11.9675 266 11.4547 
213
10 262 64.8407 211 58.1768 210 38.9494 212 36.5206 265 33.0562 261 25.2776 214 22.5116 266 16.0943 260 15.2045 259 10.0655 
214
10 262 43.5368 211 27.8213 212 27.4672 261 26.7531 213 22.3924 266 17.591 260 16.3502 93 11.0329 209 9.17083 267 8.40679 
215
10 262 27.4266 92 26.8415 93 20.2813 211 18.0387 261 15.4196 94 15.2782 219 12.8677 212 12.3592 226 10.4391 95 9.57492 
216
10 219 37.3431 92 26.2376 220 14.4574 262 13.0212 261 11.7836 217 10.6354 221 8.81434 263 6.4974 226 5.58537 225 4.50938 
217
10 218 64.8334 219 48.5625 92 32.3935 91 18.6267 220 17.2188 216 11.3841 221 8.67373 262 8.55002 223 8.32529 222 5.32729 
218
10 217 68.1117 219 60.672 91 50.583 220 32.1461 221 17.9452 222 11.047 223 3.77062 253 3.60295 224 3.58539 80 3.4921 
219
10 218 60.9281 217 51.0262 216 41.4386 220 39.8223 91 35.9101 221 31.0796 92 29.2002 215 15.5524 222 13.3343 225 5.52762 
220
10 219 39.5242 218 31.928 221 27.1689 222 26.5034 217 17.4023 216 15.67 92 11.7288 90 10.3311 91 9.76633 223 7.55052 
221
10 219 30.44 220 26.9096 218 17.0583 222 15.4939 216 9.35199 217 8.56684 90 8.42665 93 7.99714 223 5.75155 224 5.48505 
222
10 220 25.797 221 15.014 219 12.8502 224 12.4208 218 10.4047 93 7.25027 223 7.22804 217 4.96311 92 4.63746 90 3.95689 
223
10 226 20.1626 227 12.9843 225 12.8091 154 10.3888 153 8.7845 220 7.91826 158 7.82843 88 7.55476 217 7.46017 89 7.41615 
224
10 222 12.187 227 9.75102 158 8.76853 154 8.17961 153 7.59123 258 7.04625 90 6.91381 226 6.87354 92 6.736 156 6.6673 
225
10 154 15.9389 223 14.2233 156 13.6644 155 10.3716 158 10.3582 258 9.64924 153 9.61991 157 7.855 265 7.34835 90 7.19744 
226
10 223 20.5905 258 16.4799 265 16.0625 264 15.6866 228 12.0639 215 8.39508 165 7.62142 224 6.6955 89 6.07924 166 5.96727 
227
10 160 95.0167 258 15.1382 164 13.766 265 13.3572 223 11.7752 264 11.6513 224 7.90132 166 5.87752 215 3.81071 167 3.6831 
228
10 160 141.776 159 93.1722 161 84.523 162 48.6204 163 34.2837 164 13.8538 226 10.6087 265 10.3143 264 8.77041 165 6.42918 
229
10 161 53.5995 162 48.1073 160 36.7467 163 30.0099 158 27.9718 159 16.7469 164 15.0215 265 7.05675 165 6.3083 167 3.57444 
230
10 162 55.5788 161 41.3856 163 34.3328 164 28.9913 160 24.3553 165 16.6335 166 12.2443 265 7.5329 159 4.69706 264 3.82342 
231
10 232 240.429 233 201.178 164 24.8165 162 20.6874 165 15.3996 161 12.6179 163 9.84746 160 5.55702 171 0.3509 172 0.335377 
232
10 233 440.722 231 254.453 162 4.15093 206 2.37725 163 2.12485 171 0.337024 172 0.324422 37 0.195701 38 0.190258 36 0.186263 
233
8 234 456.847 232 445.458 231 205.353 236 37.226 206 0.375037 37 0.231824 38 0.225309 36 0.220969 
234
7 233 421.252 235 311.706 236 109.125 125 0.566984 37 0.194349 38 0.18887 36 0.185391 
235
4 234 276.825 236 249.349 149 0.813444 148 0.733618 
236
10 235 252.511 234 99.1612 233 32.9992 70 5.51545 69 4.69477 148 1.08491 151 0.771973 150 0.702125 149 0.696416 65 0.452081 
237
10 70 15.5736 69 9.79464 153 2.30821 150 1.45358 148 1.36164 151 1.33702 149 0.829505 152 0.772347 66 0.670214 65 0.534333 
238
10 70 15.7891 69 10.9021 153 7.09351 154 3.4054 152 2.09138 151 2.0193 150 2.00371 68 1.47399 149 1.40416 66 1.18554 
239
10 71 40.2457 70 23.9374 69 9.76383 151 6.28689 68 3.29531 67 2.86178 255 1.15613 66 0.778419 148 0.456203 65 0.419946 
240
10 71 51.4717 70 20.369 69 12.0181 68 2.41536 67 1.84793 66 1.51428 87 1.35161 255 1.24391 65 0.945347 84 0.935674 
241
10 71 54.2402 70 17.5327 69 11.2982 68 2.9849 65 1.41453 66 1.3025 255 0.955661 254 0.942251 67 0.843403 149 0.833141 
242
10 72 74.0314 71 49.0636 70 20.295 69 13.948 68 5.49528 254 3.39211 255 2.42685 256 2.25868 67 1.76615 66 1.52173 
243
10 72 149.771 73 60.7046 70 42.8967 75 36.7198 69 36.0189 68 23.998 76 21.953 67 15.2376 66 9.0994 255 6.26492 
244
10 73 131.379 72 88.297 74 69.3039 71 54.6899 70 38.0386 69 26.9288 76 23.7927 68 22.2679 254 12.3769 67 12.2226 
245
10 75 30.5341 74 28.2036 76 26.2035 82 15.1369 254 12.6635 255 9.35422 257 8.33313 84 3.83223 222 2.16781 219 2.04502 
246
10 77 52.5535 253 19.4641 74 18.6805 75 16.7537 82 11.6164 255 11.0195 83 10.6516 256 8.5582 257 6.74004 84 4.75622 
247
10 77 53.2594 76 46.0612 78 40.5757 79 23.435 75 23.087 253 20.0249 81 13.6884 254 12.5727 256 11.5202 255 10.1683 
248
10 77 97.6989 78 62.8464 76 38.7718 79 35.8979 253 28.8571 80 27.0304 81 21.0808 82 15.3982 254 14.9835 256 14.4624 
249
10 78 73.3917 77 40.5151 79 36.7895 252 35.95 253 28.999 80 22.1728 81 21.3974 82 17.8123 254 16.0288 256 14.0413 
250
10 79 59.2133 252 55.8495 253 49.6597 80 43.3158 251 41.365 78 34.4187 81 32.5564 254 23.1647 256 18.9081 255 15.2863 
251
10 253 74.005 81 65.578 80 52.975 79 47.0201 250 46.6684 82 45.4559 252 41.4117 254 28.9428 256 26.0233 255 20.3873 
252
10 82 69.8101 250 62.4073 78 54.532 251 43.9182 249 40.4805 81 39.3486 254 31.4695 256 30.3411 255 22.4374 257 21.1804 
253
10 77 84.2798 79 80.8499 78 78.233 251 73.8643 250 52.61 256 33.3134 248 33.2069 249 32.2821 257 27.109 246 24.1701 
254
10 252 30.1099 251 27.7621 250 22.697 84 22.5743 77 22.1324 79 21.6266 83 20.7403 253 20.5601 80 17.6488 76 16.9986 
255
10 85 34.52 84 32.3875 252 20.3595 251 18.378 79 17.5176 253 17.2929 87 14.3823 80 14.2589 250 13.8683 76 13.791 
256
10 258 29.9161 253 29.8457 252 26.9365 251 23.8114 79 21.1424 77 18.9992 250 18.0682 257 18.045 259 17.4834 78 17.1567 
257
10 258 40.7342 259 36.3047 253 25.4692 256 20.3273 252 19.1906 79 17.6816 260 17.3114 77 16.5812 78 15.9016 261 15.4525 
258
10 259 88.5332 260 63.3223 257 40.5615 261 31.4881 256 30.5464 226 20.7175 227 20.1161 262 13.5762 225 11.0554 253 9.2026 
259
10 260 89.6671 258 88.982 261 45.9645 257 35.0978 262 24.3098 256 18.9033 213 9.80932 263 9.31605 212 8.59144 253 7.58783 
260
10 259 89.2972 261 66.9907 258 62.8855 262 44.8503 257 16.1887 214 16.1822 263 16.1251 213 14.7368 256 14.1876 212 12.1652 
261
10 260 66.6268 262 62.6459 259 45.5686 263 33.2381 258 30.9276 214 26.5953 213 24.4897 264 22.0924 265 19.114 211 15.3246 
262
10 261 60.7686 213 60.6815 260 43.9196 214 43.2818 263 42.4255 264 39.5305 212 38.2718 265 34.8607 215 26.8759 211 25.6648 
263
10 264 49.3678 262 40.0296 265 39.2662 261 31.9742 266 18.095 260 15.452 94 15.1587 93 11.7749 259 8.79551 267 8.12692 
264
10 265 54.6216 263 46.4902 262 37.1655 261 20.6723 226 19.9605 227 14.7546 160 14.195 161 13.0249 159 12.4465 260 11.6638 
265
10 264 50.948 263 35.9787 262 31.7656 213 28.518 212 21.6695 226 19.841 261 17.7484 159 17.5282 267 17.2912 158 16.6925 
266
10 267 28.5287 268 20.7957 263 16.5807 214 15.0374 213 14.5267 211 14.2727 262 13.4594 96 11.5756 199 11.031 212 10.9387 
267
10 266 27.152 270 17.2793 269 16.4739 265 15.9213 97 14.7983 197 13.2685 198 13.2137 199 12.9729 196 10.2173 98 10.0757 
268
10 269 29.141 270 28.323 191 22.456 198 20.7433 266 19.5732 192 17.5153 197 16.9579 98 13.515 190 12.8543 199 12.5309 
269
10 270 55.4193 192 39.6819 271 35.1831 268 26.948 196 22.0725 100 21.2 99 20.9766 193 17.3126 189 15.941 195 15.445 
270
10 269 48.1381 100 38.8105 268 23.6663 267 14.3425 194 13.4918 101 12.0758 198 11.5841 104 6.91197 103 6.59549 105 6.27183 
271
10 191 90.6381 269 26.0159 190 25.8314 102 17.5307 101 14.9398 105 12.8872 103 11.8172 104 9.96913 199 9.14988 277 8.7106 
272
10 102 14.259 274 13.8292 103 13.5537 190 12.9103 189 8.71562 106 7.87612 105 7.42263 107 7.41245 269 7.21592 275 6.17308 
273
10 274 24.2495 275 18.2101 276 16.0171 105 10.5487 103 9.88745 102 9.36005 182 8.77824 189 8.5552 104 8.48848 181 6.84304 
274
10 275 36.2077 276 32.6242 273 23.079 277 17.6797 272 12.0083 102 9.99567 105 8.61999 174 7.79309 103 7.6757 278 7.27723 
275
10 276 56.6527 277 33.8603 274 33.6751 273 16.9075 174 14.2605 278 9.89355 175 8.80464 193 6.42292 194 6.21841 101 5.93533 
276
10 277 56.4108 275 52.0042 274 28.4898 278 25.7036 273 14.0233 279 11.7299 180 8.62395 174 6.97827 101 4.47944 280 4.38464 
277
10 276 51.4807 275 28.7643 278 26.4285 279 23.0834 280 20.1839 274 14.4377 281 13.4589 192 6.34683 271 5.74207 180 5.47511 
278
10 280 57.0598 281 51.1155 279 34.173 277 24.4122 276 22.3048 275 7.93954 274 5.64823 282 4.3992 271 3.90057 192 3.00913 
279
10 280 48.4996 278 29.7022 277 19.4572 276 8.995 171 6.24551 275 2.04483 274 1.74544 271 1.03357 180 0.930219 192 0.763157 
280
10 278 46.2404 279 41.301 277 15.6197 171 9.21384 276 3.21056 200 0.543979 191 0.465632 109 0.365161 211 0.26366 212 0.202067 
281
9 278 39.8256 277 10.0957 171 8.57757 276 1.45085 191 0.595255 211 0.28343 212 0.220863 109 0.210453 159 0.0584893 
282
10 285 11.7773 284 9.69934 278 3.31018 283 1.54685 286 0.992712 276 0.877025 277 0.874065 191 0.592523 180 0.442305 275 0.153202 
283
7 285 28.5241 286 12.9872 284 3.21029 282 1.50432 180 1.34701 278 0.8328 259 0.0128988 
284
10 286 24.8938 282 9.50406 287 7.80527 285 4.36272 283 3.02705 180 1.18309 171 1.14023 288 0.96452 278 0.677612 170 0.616389 
285
10 287 52.3165 288 42.7151 286 25.5371 283 25.1575 289 18.6933 282 10.7373 284 3.95389 169 1.15258 170 0.93199 168 0.783645 
286
10 288 81.2896 285 27.4923 284 21.6715 287 16.7457 283 11.1852 169 0.943433 282 0.909249 170 0.782501 168 0.633692 180 0.632122 
287
10 285 59.4149 288 20.9425 286 18.2465 284 7.66997 57 5.78568 56 5.2786 58 3.54213 55 3.46359 54 3.03033 124 2.84633 
288
10 286 85.3463 285 46.9402 287 20.8425 57 9.09725 12 7.83578 56 7.75771 55 7.30863 59 6.94006 13 6.76106 15 6.23496 
289
10 285 18.3845 57 17.417 58 16.508 59 13.4041 292 11.6607 56 9.78746 54 9.17516 13 9.00142 55 8.48664 1 7.70709 
290
10 291 91.2626 292 59.7842 136 54.8815 293 33.3603 135 23.6959 134 16.9269 295 16.9116 294 16.66 1 9.69213 138 9.14524 
291
10 292 152.152 293 133.145 136 111.434 135 105.989 290 99.8091 134 92.4216 294 69.6116 295 63.1602 137 42.379 133 42.3477 
292
10 293 223.474 135 191.795 133 178.923 291 171.215 132 84.9396 136 73.3962 290 68.2714 137 22.8198 131 20.4543 289 15.3467 
293
10 295 533.355 292 261.077 135 176.209 291 159.736 290 40.728 32 19.2002 42 13.978 137 12.8044 289 9.68325 53 8.27306 
294
10 295 318.841 135 92.7422 291 90.9454 31 67.2365 136 27.345 290 21.786 32 18.0911 42 12.0406 137 10.3205 52 8.44443 
295
10 293 632.124 294 332.709 291 85.2741 31 69.4707 135 67.024 290 22.7636 136 18.7451 32 17.047 42 12.3311 53 5.45345 
296
10 31 72.7091 32 26.6717 297 20.1016 42 15.137 28 11.1652 53 7.44232 298 7.36775 33 7.04056 27 6.77151 52 6.54618 
297
10 32 52.6609 31 44.103 131 34.2121 33 24.9848 41 20.9294 30 20.86 296 20.5448 130 15.5939 40 14.8079 58 14.0301 
298
10 32 33.2958 133 30.787 33 30.4402 40 26.0102 132 23.1688 41 20.3261 34 17.2613 55 16.5695 31 15.8552 39 15.192 
299
10 33 30.2936 40 26.039 32 25.9819 41 19.7305 133 18.5237 34 18.198 39 18.1647 132 14.3419 55 12.3096 31 11.3076 
300
10 33 30.9866 40 27.7541 32 25.397 34 19.9517 41 19.3824 39 18.9796 36 12.6564 35 12.5295 38 11.5613 54 10.3493 
301
10 33 29.1873 40 28.0688 32 21.9931 34 21.6679 39 21.4138 41 17.5389 36 12.5698 35 12.4864 38 12.285 31 9.45724 
