302
0
10 7 444.86 6 312.104 8 282.754 10 242.956 9 215.857 254 198.145 255 184.815 11 152.645 256 150.105 14 87.965 
1
10 7 556.716 6 397.094 8 352.793 10 332.63 9 275.418 254 245.539 255 239.208 11 156.472 14 89.9212 257 84.1366 
2
10 7 390.352 6 328.167 8 225.474 10 187.634 254 160.473 253 159.63 11 157.67 255 148.301 9 146.107 256 118.3 
3
10 7 272.778 6 225.994 8 152.901 11 133.25 10 106.216 9 96.1826 252 95.1734 253 91.9777 254 89.1313 255 82.363 
4
10 7 264.419 6 209.835 8 142.631 11 128.663 10 99.3964 9 92.0497 252 91.3569 254 87.572 253 86.3395 255 77.1954 
5
10 7 562.098 8 370.751 10 335.466 9 278.901 254 239.302 255 238.249 6 214.489 11 158.039 2 97.7214 257 90.4528 
6
10 8 503.093 10 467.251 1 404.592 9 395.878 7 381.428 2 342.178 0 322.382 3 241.382 4 223.892 5 217.809 
7
10 9 709.27 10 662.893 1 557.322 5 556.52 8 531.148 0 449.47 2 389.732 6 355.026 11 287.841 3 272.783 
8
10 10 636.61 9 514.081 7 491.783 6 462.413 5 369.595 1 351.534 0 286.639 2 225.357 3 150.858 4 140.734 
9
10 7 633.302 8 475.985 6 356.225 5 275.238 1 272.596 0 216.849 2 146.015 258 118.832 259 96.8232 3 95.2271 
10
10 7 590.425 8 589.942 256 443.539 6 409.342 5 322.616 1 320.995 14 318.522 13 305.006 11 285.574 15 284.687 
11
10 13 654.611 256 600.521 14 537.927 257 530.434 12 390.88 15 375.505 258 366.393 16 301.347 10 273.013 7 258.5 
12
10 13 432.796 11 372.307 257 296.218 14 295.944 256 252.019 15 200.991 259 186.384 10 165.737 16 135.757 17 115.042 
13
10 14 862.26 258 716.028 15 678.718 11 637.427 16 525.462 259 483.925 12 449.174 17 375.721 257 332.185 10 275.401 
14
10 16 1129.96 15 1116.36 256 946.389 13 856.044 255 691.302 17 560.735 11 529.645 260 407.773 12 297.809 10 285.052 
15
10 14 1097.39 256 856.066 16 813.989 257 764.76 13 670.811 255 651.493 17 610.861 254 466.348 11 368.172 261 338.377 
16
10 14 1113.38 256 838.261 15 805.995 257 794.876 255 598.316 258 566.635 13 522.933 254 418.618 275 316.575 11 297.326 
17
10 257 595.928 258 591.342 15 584.648 14 530.522 256 481.85 13 372.001 255 307.116 254 225.892 11 221.709 18 197.137 
18
10 20 267.197 21 213.269 258 182.347 17 177.645 257 154.148 14 152.654 23 140.085 22 136.339 24 131.214 19 123.314 
19
10 21 180.333 20 160.334 23 153.837 22 144.45 24 142.321 41 130.518 18 115.213 25 110.199 39 100.18 55 93.281 
20
10 18 248.527 21 196.917 19 160.173 22 153.197 23 150.345 24 138.281 25 112.943 41 95.9308 39 83.0021 56 68.5673 
21
10 18 206.864 23 203.502 20 202.636 19 184.496 24 183.278 25 169.716 22 150.518 17 110.732 26 108.754 41 84.5051 
22
10 23 290.764 24 269.711 25 228.702 20 156.684 19 148.802 21 147.422 18 138.534 39 103.567 26 97.9757 40 96.1019 
23
10 22 282.843 24 261.895 21 200.23 19 158.3 20 154.893 18 146.151 26 110.773 39 106.838 40 97.6787 27 87.4199 
24
10 22 254.086 23 249.169 21 178.038 19 140.98 20 138.447 18 134.932 39 101.887 25 80.1101 28 59.7882 41 48.5088 
25
10 22 209.256 21 158.367 18 109.269 20 107.423 19 103.01 39 96.1727 211 93.5912 24 78.5094 210 74.6364 209 67.8983 
26
10 32 231.093 42 136.049 23 105.809 21 97.2708 31 93.3303 41 90.5035 22 89.15 33 78.1492 18 63.4434 216 63.1685 
27
10 32 282.359 42 198.328 216 112.825 41 100.109 215 95.9006 23 80.5652 217 76.0978 21 62.5406 22 59.988 31 52.961 
28
10 32 704.786 33 566.257 42 354.627 216 272.705 215 256.211 217 188.634 43 141.818 34 137.988 223 112.972 214 107.499 
29
10 32 1027.57 33 702.715 42 328.722 216 303.768 215 283.786 34 210.878 217 210.024 43 188.022 35 149.158 218 147.19 
30
10 32 1003.85 33 702.142 216 347.12 42 318.312 215 313.414 217 251.968 34 215.438 43 214.455 35 162.359 224 136.976 
31
10 42 351.71 33 332.107 216 325.731 215 282.693 43 238.544 217 235.005 32 185.061 224 154.317 34 138.174 29 132.942 
32
10 29 1036.24 30 1012.58 28 735.185 42 339.363 43 324.264 216 299.758 223 274.812 27 270.503 217 243.188 26 215.442 
33
10 29 703.898 30 699.816 28 591.631 43 357.551 223 344.667 31 337.303 224 247.003 36 180.892 44 178.384 218 153.529 
34
10 36 336.863 30 220.831 29 213.462 45 192.593 43 182.572 37 176.706 46 155.447 44 154.219 28 145.28 31 145.189 
35
10 36 359.89 37 225.12 43 163.461 30 161.715 29 147.698 45 137.241 31 126.393 34 122.754 46 116.402 28 98.6513 
36
10 37 351.931 35 350.161 34 326.121 38 226.34 33 166.164 39 152.622 29 108.174 30 83.2734 28 77.1349 31 68.9098 
37
10 36 336.964 35 219.27 38 176.022 39 173.13 34 168.171 222 125.028 33 82.8299 29 43.631 25 40.6565 43 39.9596 
38
10 36 220.309 37 179.401 39 67.0007 25 62.4579 24 43.5079 26 33.9191 33 22.4232 23 21.3191 29 21.1731 28 20.1123 
39
10 37 167.062 36 144.969 24 116.225 23 115.491 22 110.144 25 109.913 19 108.351 20 90.9265 21 86.13 18 84.4687 
40
10 23 111.695 22 108.676 19 100.053 21 80.1421 20 75.5846 56 23.1351 57 13.6464 62 8.06243 53 3.65135 17 3.11267 
41
10 19 145.725 28 111.332 20 108.214 27 108.165 18 103.947 26 103.245 31 95.4241 21 93.4834 29 93.4694 30 92.7617 
42
10 31 375.104 28 367.069 32 356.998 29 349.968 30 338.107 27 204.389 224 173.096 26 146.761 225 143.102 226 136.48 
43
10 224 350.073 33 317.707 32 294.544 225 222.545 31 222.424 30 197.633 226 183.758 29 173.277 34 161.406 35 153.081 
44
10 223 248.917 33 163.07 224 160.671 34 145.118 222 124.181 32 121.717 35 93.8941 31 83.4088 217 76.4806 30 66.6577 
45
10 222 212.983 34 174.303 223 167.411 35 127.925 33 126.086 51 105.567 32 103.934 50 103.454 224 91.1022 217 59.2028 
46
10 222 277.227 51 170.728 34 139.03 35 102.008 52 57.2515 223 49.063 238 34.2162 246 29.71 247 27.3448 245 27.1985 
47
10 222 249.072 51 171.415 34 96.1214 35 72.5711 52 68.3185 45 50.7342 238 30.5508 246 24.0353 247 21.1421 245 19.7299 
48
10 51 226.318 222 214.613 221 166.276 52 116.919 34 66.3793 35 52.0556 53 34.0461 238 33.0303 246 24.8837 245 23.3696 
49
10 50 405.741 51 319.439 222 172.012 52 169.834 221 160.696 34 43.3436 238 29.9752 35 27.2779 246 24.7526 218 23.8277 
50
10 51 513.216 49 367.014 52 286.2 221 140.864 222 123.212 220 99.7168 45 87.0854 238 35.4257 248 27.6842 246 26.6313 
51
10 50 517.207 52 401.836 49 297.086 48 197.304 47 141.929 46 136.974 221 111.58 220 92.6426 45 90.6063 222 82.508 
52
10 51 415.684 50 297.062 49 166.908 48 105.183 47 54.3005 56 51.068 46 42.7506 220 28.2569 219 26.3934 221 25.6143 
53
10 56 96.2856 55 47.0158 48 39.0753 57 22.0833 47 15.1433 42 10.6585 46 8.47399 58 8.21059 37 5.09029 43 4.90468 
54
10 57 141.823 55 117.239 19 97.7905 286 81.6734 285 74.2572 18 65.4753 62 36.783 58 18.3092 12 1.32998 273 1.20562 
55
10 57 213.586 54 123.972 19 114.578 56 96.8982 20 83.5288 286 82.7066 285 72.4869 18 68.4856 21 62.7705 58 61.3283 
56
10 58 295.197 57 273.179 55 102.944 59 96.1885 53 93.5049 19 77.793 20 73.8822 18 70.0778 286 68.0139 22 66.4296 
57
10 59 306.711 56 291.617 55 219.839 54 146.92 62 77.4485 60 53.4436 42 49.3359 41 37.9431 53 27.2828 40 17.8038 
58
10 59 375.761 56 300.294 60 105.239 62 62.5791 55 62.1399 61 36.9374 54 18.8308 53 9.28871 287 5.95084 226 1.90309 
59
10 58 378.964 57 309.775 60 146.682 56 102.982 62 66.1641 61 57.7706 63 43.8721 65 21.3428 287 3.24572 55 2.05119 
60
10 61 255.774 62 191.305 59 146.644 58 107.127 63 86.9487 57 56.7172 64 42.7135 56 30.1475 65 25.48 289 14.2927 
61
10 60 259.096 63 129.546 64 57.0154 59 55.8781 58 36.1665 65 27.0812 57 17.5904 66 12.2403 56 10.6173 291 9.35315 
62
10 63 495.691 64 329.908 60 214.31 65 199.4 66 109.187 57 93.3397 59 77.7402 58 77.3107 56 71.1566 55 49.7002 
63
10 62 525.922 64 473.747 61 144.395 60 105.994 291 62.8736 292 58.0949 59 55.8009 19 52.2421 290 50.0643 20 42.6157 
64
10 63 517.072 62 388.856 295 135.086 68 89.3942 61 71.7957 60 57.4323 291 50.4305 292 39.645 286 23.283 285 20.1577 
65
10 66 330.486 67 319.12 62 255.097 296 145.249 68 143.821 295 132.156 69 92.4076 294 86.3427 19 49.6372 290 41.9525 
66
10 65 355.976 67 259.775 298 194.458 68 188.369 297 170.186 62 150.265 296 132.821 69 120.954 295 114.976 70 71.4981 
67
10 65 356.588 66 269.297 301 184.578 299 158.086 69 149.155 298 148.765 297 141.051 68 139.751 300 139.578 296 101.29 
68
10 66 207.967 65 167.899 67 148.947 298 125.594 299 120.457 301 117.268 297 116.939 64 110.262 300 101.604 69 79.9441 
69
10 67 167.524 66 141.755 65 112.944 301 100.204 298 87.2223 68 86.2059 300 83.3893 297 72.5505 296 51.455 295 41.7324 
70
10 66 90.3613 301 63.9931 298 63.131 299 55.0198 300 53.3743 297 48.6913 296 33.0677 78 31.9162 295 27.4713 112 17.2302 
71
10 72 152.431 301 51.5857 77 48.9763 300 47.5596 298 45.3224 299 42.3565 297 38.1356 296 25.6486 295 20.6667 112 19.5327 
72
10 71 170.2 73 118.959 75 118.867 74 112.108 77 64.5276 78 59.0514 113 52.4573 301 37.8759 298 35.4574 114 34.8001 
73
10 75 138.138 72 128.323 113 107.181 74 106.798 78 106.377 76 103.086 114 88.1545 77 87.0268 81 28.7143 80 21.5765 
74
10 76 184.622 77 175.834 72 125.029 75 119.697 73 108.2 114 71.716 113 66.9845 112 61.4121 81 34.3477 79 32.1402 
75
10 77 223.294 76 171.285 73 150.213 78 149.446 72 138.378 74 119.657 79 46.4671 81 41.2655 80 41.1415 122 9.05649 
76
10 74 199.287 77 191.142 75 174.631 73 115.526 78 101.161 81 50.6253 82 42.0895 83 23.3541 80 20.4594 117 20.2465 
77
10 75 217.524 76 182.892 74 181.274 73 94.5569 82 73.6244 72 72.2896 71 58.5866 81 55.2988 83 36.864 80 22.5798 
78
10 75 134.016 73 104.775 76 92.4394 72 62.5538 114 44.0619 113 43.8375 112 40.5038 70 40.1629 69 28.5774 118 13.2464 
79
10 80 70.364 81 55.7192 75 43.1462 74 30.23 109 29.6291 108 28.8966 114 26.8371 112 26.6031 113 26.5293 82 25.8479 
80
10 79 59.2806 81 40.3613 75 35.6316 74 25.9082 73 23.1645 95 21.1612 77 20.7223 76 18.0798 102 17.0684 94 16.9996 
81
10 82 47.8339 83 47.4342 77 46.4561 79 46.3023 76 42.3788 80 36.066 75 34.2332 74 32.5206 73 30.242 115 22.7445 
82
10 77 53.2843 81 45.7295 76 32.5983 115 28.4361 79 23.8903 118 19.1736 109 19.1032 120 18.1136 117 16.781 113 16.5991 
83
10 81 40.2687 114 27.2304 77 24.0034 113 19.1189 76 17.5254 112 15.199 70 12.6436 109 12.5044 110 12.2863 71 12.0679 
84
10 114 21.7365 113 19.1596 112 11.4193 76 10.366 70 7.42954 69 6.66323 109 5.98824 110 5.66289 79 3.8106 68 3.65395 
85
9 69 4.7407 68 2.09208 67 1.87769 79 1.34953 80 1.03294 66 0.325425 105 0.229353 298 0.0617124 113 0.0233717 
86
7 87 26.481 79 11.8918 102 2.50803 67 1.63808 64 1.25362 105 0.207064 298 0.0677488 
87
10 86 23.005 109 2.86594 110 2.75047 112 2.55455 114 1.53375 108 1.45187 111 1.34893 67 0.331313 66 0.282107 105 0.257291 
88
3 105 0.188756 113 0.00759254 104 0.00283004 
89
4 93 115.819 94 57.8931 105 0.528117 104 0.00573505 
90
5 92 159.372 93 139.345 91 116.442 94 55.6723 104 0.202356 
91
5 93 266.263 94 105.755 90 100.699 105 0.615789 104 0.202665 
92
2 90 127.36 93 38.2094 
93
6 91 245.467 90 112.318 89 83.6433 92 39.6179 95 11.7467 76 2.93117 
94
6 91 93.9029 90 42.9538 89 40.3248 80 16.3392 76 8.98845 101 1.14529 
95
10 80 20.7349 93 15.9208 101 15.769 76 14.447 97 4.9135 100 4.41194 153 0.890166 158 0.876461 102 0.856855 130 0.256309 
96
4 101 9.19659 100 7.23848 170 1.91593 158 1.56105 
97
1 95 4.70739 
98
6 244 2.16815 237 1.8027 204 1.47261 241 1.45485 236 0.873745 243 0.735455 
99
0 
100
6 96 7.90841 76 5.97954 95 5.3191 158 2.67337 153 1.73514 144 0.893554 
101
10 95 18.9364 81 13.0205 96 11.581 80 10.8238 76 7.62324 77 6.40007 116 3.47349 170 1.93803 94 1.17133 144 0.982163 
102
10 80 16.6483 77 10.9709 81 10.6259 115 9.21932 76 8.5754 116 6.33817 86 2.63015 153 1.84139 158 1.81763 144 0.952016 
103
5 104 28.395 105 18.1538 106 5.26787 107 1.8926 116 0.0658525 
104
10 105 279.846 106 208.703 107 95.9675 103 34.412 115 9.39828 82 2.37371 81 0.853147 91 0.196118 116 0.193214 90 0.180568 
105
10 106 309.114 104 308.624 107 165.051 103 25.2796 82 3.97796 81 1.48702 116 0.834878 91 0.647492 89 0.455701 87 0.183 
106
8 105 339.027 104 251.497 107 163.424 103 8.45846 82 7.1114 81 2.24936 116 1.15563 130 0.00435776 
107
10 105 202.289 106 181.671 104 128.869 108 113.059 82 11.3739 81 3.58029 103 3.49667 75 0.64808 130 0.00797953 131 0.000922986 
108
10 107 119.025 79 24.4885 82 13.1582 69 6.76462 84 3.31994 81 3.23312 87 1.71265 75 1.41898 68 0.774536 65 0.153287 
109
10 79 24.6086 82 17.4557 69 11.3638 83 10.7704 84 5.48392 81 5.28519 67 3.95536 87 3.31053 75 1.66421 68 0.824783 
110
10 79 19.4885 70 14.6058 82 11.6786 83 10.7503 67 9.21974 69 8.62571 84 5.55931 81 4.17524 87 3.38442 75 1.85529 
111
10 114 94.8748 113 90.8025 79 18.901 71 16.3691 82 12.8928 70 11.2608 67 9.40772 83 8.53976 69 8.07127 81 5.42049 
112
10 74 62.5023 78 38.5005 79 23.2777 113 18.0222 71 18.0165 122 15.7372 83 15.4883 82 15.4087 70 15.1833 123 13.4375 
113
10 73 99.5806 111 96.1263 74 66.9398 72 46.7765 78 41.2981 114 35.4372 79 23.6053 84 22.0271 122 20.9896 83 20.7535 
114
10 111 95.4302 73 75.9927 74 67.1298 78 41.6829 113 36.2536 122 34.1579 83 28.6966 72 28.4174 123 26.6112 79 24.7988 
115
10 122 32.3635 123 28.6667 82 27.9593 81 23.0834 124 20.3454 76 19.4278 77 19.2514 104 13.7038 125 10.6578 80 10.3635 
116
10 122 20.5195 77 19.6644 76 15.7099 82 14.7946 123 10.7791 124 8.75256 80 8.46341 102 6.25965 78 5.7712 74 4.89041 
117
10 121 97.2154 122 62.6785 77 23.8315 76 21.5981 82 20.9632 124 20.2057 81 15.1994 78 8.57269 80 7.94142 125 7.31654 
118
10 120 316.446 121 172.397 122 114.816 123 69.1096 124 46.4369 82 22.6268 81 18.2343 77 18.1952 76 14.8691 78 13.3958 
119
10 122 109.716 123 65.6886 124 41.3954 120 19.1098 125 17.4101 82 16.4121 77 15.0362 76 12.0651 81 12.0072 126 9.75291 
120
10 118 346.843 121 263.599 122 234.386 123 180.603 124 118.535 125 47.1103 126 23.0146 82 22.4188 119 20.154 77 14.4846 
121
10 123 481.351 122 477.525 124 285.461 120 280.221 118 198.883 117 121.331 125 92.319 126 43.8845 82 19.1213 127 19.0069 
122
10 121 486.115 123 418.58 124 397.348 120 255.627 125 145.489 118 134.47 119 125.957 117 78.9443 126 70.3009 115 45.4806 
123
10 121 464.424 124 461.883 122 402.85 125 243.096 120 185.775 126 118.824 118 78.8735 119 73.2831 127 58.4451 115 37.686 
124
10 123 445.94 122 360.954 125 344.215 121 262.417 126 212.269 127 130.951 120 115.002 118 50.7967 119 44.4774 130 35.6772 
125
10 126 348.964 124 330.265 127 259.37 123 224.888 122 127.713 121 81.5781 128 80.0788 129 77.207 120 43.3769 130 31.975 
126
10 127 359.022 125 343.803 124 197.894 128 138.337 129 112.906 123 105.864 122 58.5772 130 50.9022 121 36.8084 131 27.1091 
127
10 126 362.718 125 252.454 129 220.534 128 215.108 130 139.565 124 118.627 131 85.9436 132 53.6903 123 50.3401 122 27.338 
128
10 127 208.429 129 167.858 126 132.585 130 80.5373 125 72.4082 131 39.9572 132 20.1545 123 16.5854 133 7.73815 121 4.46064 
129
10 130 238.569 127 206.858 131 195.252 128 176.788 132 137.995 126 107.562 133 73.9779 125 72.5917 134 33.3666 124 24.4956 
130
10 131 585.444 132 548.055 133 415.924 129 262.748 134 246.042 127 143.221 135 135.877 128 91.0423 136 70.8257 126 51.1333 
131
10 130 576.398 134 402.882 135 239.917 129 212.464 136 126.468 127 86.9755 137 66.0115 128 44.4713 138 27.3558 126 26.7934 
132
10 133 700.893 134 566.69 130 522.756 135 380.375 136 212.214 129 148.661 137 117.562 127 53.4472 138 53.2466 139 22.8056 
133
10 134 777.398 132 686.602 135 578.114 130 385.995 136 367.385 137 214.67 138 109.242 129 79.0709 139 51.6736 127 26.0967 
134
10 135 864.662 133 768.878 136 629.382 132 546.805 137 429.887 131 374.247 138 232.898 130 225.603 139 124.182 140 59.4309 
135
10 136 853.278 134 850.839 137 671.919 133 563.331 138 433.723 132 361.126 139 251.607 131 218.618 140 128.884 130 122.214 
136
10 137 942.204 135 871.556 138 734.187 134 632.302 139 478.763 133 365.364 140 270.306 132 204.692 141 140.667 131 116.374 
137
10 136 964.781 138 949.485 139 731.97 135 701.081 140 447.067 134 440.699 141 248.287 133 217.907 142 138.267 132 115.383 
138
10 139 965.41 137 956.827 136 757.522 140 700.317 135 453.895 141 428.757 142 265.457 134 239.253 143 170.069 144 112.857 
139
10 138 975.081 137 743.499 141 643.523 136 498.835 142 450.438 135 265.769 144 204.008 134 127.826 145 122.616 146 57.51 
140
10 138 723.722 143 466.041 137 463.939 144 311.211 136 289.919 145 199.461 135 141.44 134 63.4047 147 53.7903 148 34.6589 
141
10 139 671.331 142 670.707 138 454.192 144 420.526 145 288.401 137 265.443 136 156.132 147 110.382 148 79.3166 135 67.7577 
142
10 141 704.044 143 640.028 144 600.361 139 492.06 145 448.245 138 294.388 137 154.37 147 150.476 148 99.8621 136 80.4926 
143
10 142 668.721 144 668.344 145 630.402 140 514.183 146 416.73 147 256.223 138 195.565 149 109.375 150 67.1265 136 47.1708 
144
10 145 687.176 143 680.667 142 626.295 146 550.698 141 452.82 147 362.658 140 343.065 148 244.386 139 233.581 149 160.757 
145
10 144 686.061 143 635.509 146 490.634 142 465.514 147 416.736 141 308.717 149 222.603 140 218.299 139 139.209 150 134.315 
146
10 144 582.095 145 510.067 147 490.654 143 453.649 149 366.36 150 232.27 151 167.952 152 113.623 139 73.6028 153 49.7949 
147
10 146 505.858 149 463.046 145 459.105 148 436.756 144 402.025 150 317.813 143 292.088 151 242.42 142 182.278 152 171.254 
148
10 149 510.153 150 455.149 147 455.071 151 359.452 144 280.748 152 258.777 153 144.87 142 122.563 154 108.307 141 99.1513 
149
10 148 521.875 151 514.121 147 485.967 150 425.269 146 402.075 152 383.125 145 262.11 153 220.966 144 190.106 154 166.415 
150
10 152 512.189 148 473.319 151 436.403 149 435.224 147 336.594 153 332.498 146 258.447 154 249.196 145 163.449 144 116.456 
151
10 149 529.345 153 471.922 152 465.273 150 442.119 148 376.723 154 349.529 147 258.401 146 188.189 155 151.754 156 145.452 
152
10 150 526.72 151 473.361 153 461.612 154 451.406 149 400.757 148 275.509 155 206.919 156 191.696 147 185.203 157 152.607 
153
10 151 466.558 152 450.74 154 443.419 150 331.716 155 260.022 156 242.524 149 224.183 157 201.242 148 149.477 147 84.6155 
154
10 152 456.597 153 454.534 156 451.701 151 361.709 157 354.924 150 261.923 155 235.778 158 231.293 149 179.107 148 118.894 
155
10 157 384.934 156 308.214 153 264.917 154 230.018 152 213.408 158 184.006 151 162.277 150 114.279 159 92.6819 160 75.026 
156
10 154 435.847 157 330.445 155 297.689 153 243.589 152 192.927 151 151.438 159 119.099 150 100.303 160 98.4808 149 60.5286 
157
10 155 354.479 154 326.334 156 316.12 158 282.634 153 191.17 159 173.003 152 145.063 160 90.2831 150 70.4634 161 46.1573 
158
10 157 255.497 154 193.19 155 155.044 160 131.573 152 83.0182 161 77.8222 151 51.6337 150 32.3432 149 15.9087 166 12.6253 
159
10 157 153.834 160 141.514 156 99.1619 155 76.4846 152 40.822 162 40.5514 166 34.7677 164 33.1554 165 31.8674 163 30.6866 
160
10 161 162.104 159 150.126 158 141.674 156 93.8571 157 88.0151 162 70.559 155 69.0284 166 34.8531 163 23.6976 152 15.1389 
161
10 160 167.237 158 85.1049 162 55.8967 155 47.7794 157 45.5293 166 43.9252 165 29.2954 185 27.2663 164 27.2041 154 19.5621 
162
10 163 460.227 164 333.723 165 302.621 166 94.3496 160 77.4506 161 69.3864 159 42.856 187 25.1793 155 16.2104 156 13.5635 
163
10 164 993.583 162 514.893 159 30.4398 160 26.2937 158 11.5059 157 7.91886 155 7.18373 191 6.76831 128 2.75619 190 1.67651 
164
10 163 902.866 162 341.757 159 32.1294 161 31.5755 160 15.8033 157 10.9415 155 5.61095 189 5.1488 191 3.97483 128 2.74305 
165
10 162 279.197 161 32.5828 159 30.805 160 14.7347 158 9.06664 189 7.6685 155 6.77052 190 2.78857 128 2.74344 192 1.86006 
166
10 187 118.483 162 80.8178 188 47.6713 161 45.523 160 35.9667 159 32.0205 155 17.811 158 11.7214 156 7.89672 189 5.37748 
167
10 169 90.0709 168 72.5087 170 69.3039 171 35.4445 172 21.1825 160 12.1263 161 6.6621 188 6.58099 184 5.96296 155 5.05139 
168
10 169 90.7378 170 90.6253 167 65.428 171 46.3239 172 32.3737 160 14.2197 188 11.1751 184 9.82126 183 8.44544 161 7.77496 
169
10 170 161.809 168 79.2058 167 75.2613 188 26.7103 187 22.717 180 22.7135 175 21.7301 176 21.1937 186 17.7324 177 16.4865 
170
10 169 140.601 168 72.7505 167 53.6376 187 36.1577 186 25.9485 157 4.65292 185 4.6465 161 3.4938 160 2.99651 96 1.8837 
171
10 177 38.6715 168 34.0755 183 31.5964 167 24.6915 184 22.8913 185 7.43541 201 0.388088 199 0.12673 200 0.0877793 202 0.0819767 
172
7 182 126.136 168 21.9507 167 13.176 201 2.19883 202 0.250727 200 0.21856 250 4.97889e-05 
173
7 182 199.119 168 3.75097 167 1.76945 201 0.890942 202 0.267737 200 0.232375 250 6.30608e-05 
174
6 181 334.476 201 3.11385 168 2.56894 167 2.07425 200 0.19291 250 5.19758e-05 
175
9 178 183.959 169 13.8277 239 6.41666 240 3.56507 201 1.47845 168 1.05163 167 0.971937 202 0.190633 250 5.12843e-05 
176
8 177 421.122 178 343.472 179 317.143 169 12.34 201 0.779174 239 0.325272 202 0.25757 250 8.04939e-05 
177
9 176 379.893 179 247.604 171 24.2788 169 8.98606 239 5.38021 240 3.15413 201 2.09827 202 0.509353 203 0.0050469 
178
8 179 418.121 176 326.678 175 145.929 180 138.154 169 3.71523 201 0.561009 202 0.179985 250 0.000358472 
179
8 178 421.135 176 320.378 177 274.116 180 205.876 169 4.99857 201 4.05167 202 0.276934 250 0.000137574 
180
10 179 256.637 178 175.28 169 14.3308 239 5.27721 240 3.18395 201 1.61036 168 1.02262 167 0.946145 202 0.182472 250 4.74266e-05 
181
5 174 349.719 201 0.798387 202 0.693531 200 0.575193 250 1.75479e-05 
182
8 173 206.885 172 118.342 168 5.2747 167 3.36265 201 0.375187 202 0.105645 200 0.0534729 156 0.0194311 
183
8 184 111.067 171 29.7576 168 6.23687 167 3.58794 201 1.51368 202 0.484331 200 0.229934 156 0.0132841 
184
10 183 129.428 171 22.8104 168 7.76723 160 5.1328 167 4.55568 155 2.50438 158 1.25514 157 1.10053 201 0.452869 202 0.110763 
185
10 161 14.8587 169 13.8364 159 12.9264 171 8.26221 157 5.66863 168 5.01036 170 4.59895 160 3.19063 167 3.17231 156 0.890783 
186
10 170 27.9485 169 17.6536 159 11.9861 161 10.6816 157 8.30587 168 2.62949 155 2.45351 156 1.8435 167 1.67892 160 1.06108 
187
10 166 73.554 170 40.4046 169 23.467 162 13.8958 159 13.8859 157 9.43579 168 3.63035 167 2.73401 155 1.51082 156 0.820605 
188
10 166 40.7627 169 29.2126 201 18.3662 168 10.679 200 9.40866 202 6.70903 197 6.1031 167 5.94321 198 5.36589 161 5.29998 
189
10 195 38.5894 197 14.332 199 13.2151 198 11.9721 196 11.402 200 11.2967 202 7.29444 165 7.02835 166 5.63801 164 4.15279 
190
10 193 172.334 194 116.075 195 79.1475 197 39.9688 198 37.1331 196 34.0883 201 24.8728 200 22.4888 199 19.1087 202 17.1811 
191
10 193 289.65 194 201.413 195 128.51 197 71.8955 196 68.7534 201 33.1949 200 29.6472 199 28.216 202 24.4856 163 5.25096 
192
10 194 294.281 193 278.992 195 198.28 197 112.282 196 108.521 198 88.4406 201 55.4219 200 55.3624 199 51.6899 202 36.9866 
193
10 191 320.267 192 286.091 195 248.999 194 244.696 190 214.599 196 162.004 197 151.26 198 97.5345 199 62.4763 200 61.152 
194
10 196 354.613 195 342.608 197 308.952 192 298.892 193 246.579 191 217.085 198 181.936 190 140.792 199 108.616 200 97.1214 
195
10 197 481.324 196 356.203 194 336.849 198 292.393 193 237.889 192 191.422 199 180.59 200 149.147 191 128.363 201 121.654 
196
10 198 368.244 195 342.427 194 341.413 197 279.707 199 220.141 200 180.913 193 150.473 201 142.774 202 136.408 203 107.027 
197
10 195 424.327 199 315.666 200 287.495 194 274.25 196 261.216 198 230.231 201 223.68 202 202.66 203 140.744 193 127.379 
198
10 200 330.718 196 320.216 201 297.458 202 259.749 195 239.742 197 216.487 199 209.116 203 172.621 194 147.303 204 101.003 
199
10 201 456.862 202 419.313 200 365.261 197 282.434 203 204.172 198 192.288 196 183.782 195 141.125 204 115.441 248 85.358 
200
10 199 333.785 198 297.124 197 253.162 196 148.677 195 114.588 194 72.2649 193 40.737 192 36.8342 7 31.3406 8 24.83 
201
10 199 389.884 198 253.908 197 185.245 196 110.485 195 87.7923 194 52.3838 192 34.1917 7 26.4999 8 25.9938 191 20.8705 
202
10 199 338.282 198 206.608 197 156.33 196 99.2227 195 69.4538 194 43.2461 7 35.9912 8 32.5523 6 26.8444 5 26.7938 
203
10 249 276.558 199 163.972 198 134.952 197 103.19 196 73.2449 7 56.5686 6 42.8766 8 35.7744 253 31.3005 9 28.2953 
204
10 205 549.694 248 415.217 247 363.062 249 349.105 246 347.009 245 240.821 206 239.833 244 148.927 199 92.1201 198 78.6556 
205
10 204 521.173 247 412.428 246 392.594 249 391.438 248 386.024 206 255.159 245 252.683 244 141.058 207 97.1113 250 81.0605 
206
10 205 235.955 204 212.136 207 200.715 248 146.586 250 144.626 247 139.746 246 126.821 249 117.087 251 60.4953 208 53.9853 
207
10 206 188.617 250 104.887 246 89.0743 248 88.0513 205 85.7043 247 84.4834 249 67.8891 204 64.5111 251 61.4364 252 29.9372 
208
10 251 62.8549 206 58.0359 212 55.5015 250 53.2081 26 24.4743 253 21.7818 41 17.8608 205 17.3657 252 11.6837 249 10.8569 
209
10 212 101.135 250 70.9216 251 66.2589 25 50.9365 41 38.2096 56 36.9675 206 25.9167 26 24.2939 16 11.2768 213 6.28437 
210
10 212 168.672 251 76.6791 250 71.5205 25 56.2056 213 42.7998 41 33.0408 26 23.8926 56 17.9631 252 15.9593 214 7.57247 
211
10 212 173.074 251 88.3752 213 77.7423 25 72.6339 252 33.3815 26 32.0959 41 32.078 214 28.966 56 17.184 215 13.8089 
212
10 210 198.359 211 188.673 213 165.678 209 127.183 251 115.82 208 77.8932 214 71.8946 250 65.9738 252 58.0601 215 32.8385 
213
10 214 162.723 212 154.383 253 139.629 215 96.5302 211 81.7576 252 73.598 210 50.9676 251 50.7968 250 39.6232 216 26.1645 
214
10 215 565.245 216 405.383 253 297.285 252 220.597 217 208.35 213 166.661 28 120.286 29 118.687 30 117.18 218 96.0103 
215
10 216 797.487 217 612.913 214 598.901 254 434.158 30 362.286 29 332.174 31 321.503 28 299.565 252 186.566 218 183.233 
216
10 215 809.386 217 493.522 214 437.971 30 414.014 31 385.587 29 364.322 32 354.09 254 338.348 28 324.717 253 262.472 
217
10 215 630.849 216 485.752 30 312.784 32 300.649 31 288.864 255 262.041 29 261.743 256 260.789 218 250.692 254 244.208 
218
10 216 238.224 217 237.207 33 203.643 215 188.037 29 186.868 220 129.027 34 118.948 256 117.458 255 112.766 214 105.614 
219
10 217 155.603 51 109.972 216 107.446 218 87.2908 255 84.3906 215 58.5228 277 56.0074 278 46.3085 52 46.0108 254 45.0392 
220
10 50 139.721 51 124.545 217 118.727 218 108.228 216 77.8104 255 58.0419 52 46.3995 277 44.6163 278 41.6552 254 28.5243 
221
10 48 220.377 49 218.609 50 186.591 51 140.975 217 62.928 29 49.3861 52 41.4064 30 41.2403 28 17.9303 255 14.6076 
222
10 46 307.104 47 285.985 48 253.551 45 229.326 49 210.712 50 147.428 37 130.596 44 127.453 43 113.726 33 104.63 
223
10 224 355.556 33 294.389 32 248.488 44 245.613 45 167.625 42 108.172 28 101.818 217 65.2597 46 47.0569 216 39.5683 
224
10 223 312.022 43 298.197 33 186.033 32 170.382 42 151.37 44 138.631 31 126.629 30 110.125 29 99.7295 45 78.2024 
225
10 43 179.985 228 132.321 42 114.341 31 72.5421 32 72.4731 30 67.0285 29 64.5397 28 51.6413 44 47.8666 230 19.4423 
226
10 227 445.907 228 320.675 229 197.93 43 143.942 42 103.801 230 80.305 31 78.541 29 75.8864 30 73.5298 32 69.2474 
227
10 228 605.023 229 459.339 226 416.972 230 242.082 231 101.79 31 84.535 29 79.8795 30 78.9544 32 74.9878 28 63.169 
228
10 229 850.311 227 612.015 230 558.264 226 302.081 231 262.711 232 155.828 225 116.141 31 92.6512 30 90.9729 29 89.5231 
229
10 228 838.852 230 810.049 231 468.855 227 461.421 232 297.88 226 184.51 233 157.437 234 89.2251 30 81.0171 31 80.3581 
230
10 229 807.861 231 740.669 232 558.41 228 547.306 227 240.284 234 195.765 235 133.896 236 93.6658 226 75.349 30 68.0434 
231
10 230 749.428 232 739.731 233 573.168 229 474.123 234 338.525 228 261.105 235 241.88 236 170.878 227 102.612 30 57.4564 
232
10 231 758.798 230 579.778 234 480.555 233 343.455 235 342.089 229 308.895 236 255.505 228 157.667 227 57.1241 30 43.5519 
233
10 235 649.049 231 622.91 236 500.232 234 370.156 232 348.503 229 179.754 228 73.0163 242 55.9055 243 43.3856 215 38.0495 
234
10 232 523.229 231 388.064 233 375.482 230 233.17 229 109.548 242 76.7281 243 59.427 215 42.1437 228 40.2909 205 28.486 
235
10 233 716.857 232 400.051 231 297.853 230 171.447 242 90.8147 229 83.7506 243 76.7937 215 55.0816 205 39.9867 228 32.8832 
236
10 233 587.277 232 315.85 231 223.328 230 127.239 244 125.619 242 87.5996 243 76.8398 215 75.2198 229 63.5693 205 56.99 
237
10 244 94.0466 215 84.5009 241 64.8914 205 55.1442 216 46.3427 243 44.7428 204 43.7324 242 43.4409 30 28.8488 29 25.4521 
238
10 246 117.94 240 93.8919 239 88.7944 244 83.9039 215 73.1341 241 63.4778 51 49.5792 205 46.8068 243 44.7801 242 43.9737 
239
10 240 97.7251 238 92.2393 241 62.7673 246 61.9487 242 43.5269 244 43.4468 243 39.1798 205 35.8337 204 31.3021 218 26.9894 
240
10 238 100.623 239 99.9006 242 65.2585 243 56.8723 205 39.676 204 35.5329 241 35.213 218 19.7776 215 10.2941 216 5.41994 
241
10 243 106.792 244 81.9454 237 77.6316 238 70.8974 239 67.3741 246 64.7723 242 46.2833 205 44.4444 204 38.8896 240 36.4336 
242
10 235 115.599 236 105.628 234 103.175 244 97.4804 233 78.1207 240 70.067 246 65.0541 243 61.2244 232 59.1325 237 54.0787 
243
10 241 119.106 244 103.631 235 103.499 236 98.5428 246 87.1498 234 84.9119 247 74.7806 205 71.2076 249 70.8366 240 65.749 
244
10 246 285.986 247 247.596 249 242.605 245 232.176 248 219.689 236 165.94 205 134.061 237 128.071 204 122.101 243 108.948 
245
10 247 584.124 249 578.608 248 523.832 246 488.506 244 250.654 205 240.728 204 198.416 250 127.373 253 71.0458 254 53.3962 
246
10 248 697.813 245 517.684 205 370.711 244 310.55 204 287.258 250 216.151 238 157.948 253 124.29 206 121.92 252 102.823 
247
10 245 645.268 248 497.458 205 399.767 204 311.13 249 305.396 244 282.215 250 241.579 206 139.683 253 118.923 252 100.334 
248
10 246 768.273 249 725.715 245 600.382 247 529.124 205 379.368 204 365.543 244 256.822 250 220.285 206 148.61 253 108.774 
249
10 248 700.572 245 632.138 205 377.094 247 312.424 204 295.762 244 270.442 250 235.878 203 218.544 253 149.772 206 118.247 
250
10 251 264.08 247 251.76 249 239.928 246 233.875 248 222.105 253 200.451 252 164.42 245 149.674 206 148.089 207 119.278 
251
10 250 292.656 252 228.655 212 99.6374 246 84.6301 249 79.4509 211 79.3122 208 76.5269 207 75.838 247 70.0074 210 69.9263 
252
10 251 251.385 214 233.748 250 193.116 215 185.723 15 116.196 246 110.514 247 101.486 216 93.177 248 88.6063 213 81.9416 
253
10 214 358.406 216 283.107 250 258.591 15 243.3 16 198.627 217 187.246 213 164.174 249 153.538 246 131.44 17 126.907 
254
10 215 531.299 15 402.912 216 399.898 16 366.634 217 282.391 17 206.675 1 186.569 5 180.999 0 155.692 250 151.129 
255
10 14 640.336 15 611.445 16 568.763 217 324.107 17 303.499 260 195.947 1 195.224 5 194.122 0 155.449 218 142.618 
256
10 14 912.482 257 872.179 15 834.4 16 820.233 258 600.092 11 575.946 259 549.824 17 493.573 10 387.943 217 313.071 
257
10 256 891.294 16 804.029 15 779.947 258 740.943 259 670.476 17 632.351 11 528.347 260 342.376 13 334.593 12 303.189 
258
10 13 774.928 257 761.72 256 643.214 17 636.501 16 609.17 260 422.049 11 372.689 261 308.156 18 215.607 275 191.979 
259
10 257 756.796 256 638.172 13 570.755 261 568.549 260 548.106 275 384.821 262 373.153 264 275.693 263 230.234 12 213.271 
260
10 275 687.446 259 612.464 258 503.118 14 494.196 257 400.672 256 365.054 263 353.806 13 263.657 255 249.046 276 217.731 
261
10 275 764.826 259 635.122 263 497.903 274 488.615 15 413.242 276 384.94 258 366.42 14 315.016 257 273.922 278 249.543 
262
10 275 678.544 274 486.784 259 434.881 273 374.813 15 276.395 258 235.329 263 225.18 14 219.178 257 213.871 256 166.041 
263
10 261 543.665 260 392.963 273 362.922 259 268.774 262 240.336 16 237.233 15 170.794 258 151.954 17 145.855 14 132.227 
264
10 259 356.953 15 215.988 258 209.156 257 161.155 14 155.352 256 123.321 272 97.474 13 87.155 282 80.0546 255 72.1045 
265
10 256 161.321 13 142.723 255 105.136 282 84.7148 283 72.4816 284 62.6938 10 53.3646 11 50.8816 12 49.5956 9 29.3533 
266
10 282 85.1121 281 78.7817 283 72.1144 284 63.118 11 48.842 10 44.9864 285 30.3325 9 25.6783 286 19.3186 287 17.2818 
267
10 280 97.258 282 72.8901 283 60.2642 281 58.8614 284 50.8436 268 46.3229 285 21.6849 7 14.8668 287 14.252 286 14.2422 
268
10 282 59.5919 281 53.8341 267 47.2251 283 45.1207 284 37.4096 285 19.8272 7 16.5099 287 11.8002 286 11.0255 5 9.27348 
269
10 282 57.5811 281 50.7955 283 46.147 284 39.3973 8 18.6481 285 17.173 7 14.5179 287 11.187 286 9.54035 6 8.92805 
270
10 282 70.3485 281 59.5983 283 57.2154 284 47.7055 10 39.8065 9 23.6115 285 22.3499 8 18.3452 7 16.3487 266 14.5822 
271
10 273 533.258 272 302.342 280 93.1055 279 82.0261 282 80.8907 283 74.9013 281 72.4902 284 61.8405 285 34.307 286 21.1879 
272
10 273 334.578 271 292.276 278 128.163 280 113.587 264 99.9421 279 88.9922 282 87.1902 283 86.8947 284 84.5832 281 82.6347 
273
10 271 485.099 262 400.08 263 373.486 272 322.329 280 119.19 278 113.92 283 89.852 285 87.3798 282 82.0431 281 78.9245 
274
10 261 540.192 262 500.464 280 171.461 278 148.981 281 129.881 282 127.415 283 123.993 284 106.51 279 104.651 12 93.6043 
275
10 261 774.198 260 747.679 262 640.184 259 446.888 16 410.333 15 298.518 278 298.153 279 273.525 280 247.773 258 238.884 
276
10 279 410.4 261 336.55 260 202.393 280 163.437 259 115.699 16 102.634 15 83.2843 281 81.1604 258 53.0237 14 49.4978 
277
10 278 700.565 279 461.843 261 189.283 280 129.766 260 77.496 219 75.2291 220 65.6845 281 58.9376 259 43.7224 282 43.5252 
278
10 277 658.788 280 250.888 275 243.341 261 201.866 281 117.054 274 116.19 282 94.1025 272 90.5943 273 85.9212 220 62.3707 
279
10 277 413.519 280 408.336 276 334.209 281 271.227 275 229.091 282 210.359 261 124.631 274 84.0875 272 64.2231 273 60.1356 
280
10 281 733.422 282 561.879 279 428.306 278 257.59 286 219.683 275 217.714 276 154.876 274 146.744 288 131.856 277 131.108 
281
10 280 763.651 287 365.054 286 341.606 279 295.16 288 229.671 275 148.823 278 126.098 274 116.882 276 81.408 290 81.3077 
282
10 280 625.868 287 384.307 286 359.705 288 268.911 285 261.954 279 244.674 289 168.156 275 165.949 274 122.464 278 106.483 
283
10 287 410.631 286 387.744 285 330.055 288 272.312 289 194.873 275 128.656 274 128.462 290 124.204 273 90.403 272 80.7918 
284
10 287 437.01 288 313.99 289 209.937 290 139.522 275 117.942 274 107.922 291 81.9027 273 77.6015 272 77.304 265 55.1373 
285
10 286 469.77 287 455.231 283 306.128 282 255.673 288 214.271 289 158.457 290 114.801 274 93.5751 273 87.6287 291 76.1902 
286
10 285 478.945 287 432.461 281 370.141 283 366.651 282 365.207 288 301.413 280 250.919 290 151.623 291 106.305 292 80.8075 
287
10 288 491.896 285 478.318 289 476.664 286 453.936 284 432.67 283 400.568 281 399.971 282 395.362 290 318.933 291 220.902 
288
10 290 505.039 287 504.951 289 497.262 291 369.506 286 317.472 284 316.537 282 279.511 283 271.359 281 255.63 292 248.951 
289
10 288 519.55 287 513.072 291 499.011 290 461.203 292 375.48 284 223.321 294 208.497 283 205.677 282 185.089 285 176.226 
290
10 288 547.172 292 502.094 289 474.196 291 472.931 293 397.157 287 357.611 295 185.852 286 177.095 284 155.862 283 138.64 
291
10 289 533.117 293 494.902 290 491.254 292 442.965 288 412.928 294 348.652 287 255.301 295 237.866 296 173.185 286 126.841 
292
10 290 542.135 294 523.621 293 519.361 291 468.382 289 415.796 288 288.627 296 252.278 287 194.349 298 130.333 299 102.008 
293
10 292 529.947 294 525.439 291 521.489 295 508.425 290 427.73 296 350.485 288 234.078 297 215.573 298 162.482 287 158.613 
294
10 292 548.329 293 537.386 296 464.464 295 418.869 291 379.048 297 298.7 289 241.064 298 236.735 299 200.878 301 175.925 
295
10 293 528.098 296 437.332 294 415.904 297 358.019 298 306.081 291 266.95 299 257.975 301 240.176 290 215.454 300 193.679 
296
10 294 472.254 295 438.613 298 406.128 293 370.127 297 351.22 299 338.632 301 283.389 292 273.744 300 242.515 291 196.835 
297
10 299 534.598 301 393.71 300 385.322 295 362.474 296 351.945 298 345.368 294 308.551 293 232.4 66 201.075 67 152.422 
298
10 301 519.358 300 473.548 299 441.984 296 408.312 297 343.471 295 311.277 294 245.315 66 242.218 293 176.117 67 167.352 
299
10 297 529.806 298 437.428 296 339.016 301 330.46 295 260.732 300 243.643 294 209.159 67 187.916 293 134.302 68 130.237 
300
10 298 458.613 297 373.835 296 239.584 299 231.073 295 196.594 67 165.564 294 142.579 68 110.911 293 86.7816 69 85.8331 
301
10 298 502.316 297 381.098 299 320.299 296 279.68 295 243.479 67 214.504 294 184.454 68 126.828 293 113.603 292 110.327 
