323
0
10 23 76.0628 26 75.7252 24 73.1375 21 73.132 314 72.6232 31 68.9851 20 68.5464 32 68.2245 29 67.9944 25 67.8853 
1
10 26 78.8396 23 75.2958 25 74.0442 314 73.4427 20 72.9666 24 72.2784 27 71.9243 21 71.5259 31 70.9142 313 69.0935 
2
10 23 78.3619 21 76.405 26 76.1827 24 73.5582 20 72.647 314 72.5886 19 71.8132 25 71.2512 31 70.7047 22 70.6958 
3
10 26 78.0189 23 77.9718 24 75.603 25 73.9803 20 73.5696 21 70.623 29 70.4305 27 69.8586 22 68.9886 31 68.0598 
4
10 23 83.8843 26 83.0528 21 80.828 25 78.1983 29 76.7782 30 75.8618 24 75.3153 27 74.1603 22 73.5171 20 73.179 
5
10 23 80.4176 19 79.8542 21 79.3276 26 78.8095 20 77.1645 27 73.904 24 73.5422 18 73.3733 25 73.1405 22 72.3071 
6
10 24 94.4371 23 92.6042 20 89.4563 21 88.1695 26 87.6621 25 86.4533 19 86.252 31 80.9729 32 79.8378 29 79.3599 
7
10 20 93.9225 21 88.3345 24 86.5761 31 84.2121 19 83.4751 25 82.8067 22 82.1946 32 80.4035 29 79.8755 27 79.8537 
8
10 23 97.5719 26 97.2089 21 95.7998 27 93.661 29 92.7769 31 87.9176 32 87.5855 22 87.4874 30 87.2329 20 86.2069 
9
10 26 108.822 32 102.415 31 100.383 23 98.4802 29 96.6995 27 93.762 28 92.3949 30 92.2377 21 87.293 22 86.8551 
10
10 26 111.067 25 97.7669 24 96.5461 27 95.3515 23 94.818 32 92.6695 28 91.5625 31 91.3007 29 91.2218 30 89.541 
11
10 27 98.7976 26 97.4139 25 89.3769 31 89.243 28 87.8857 29 85.459 24 85.0929 32 83.6832 23 83.0645 30 81.8896 
12
10 26 109.298 28 102.457 31 100.267 27 99.2942 25 98.4664 29 98.1434 32 97.1035 24 94.9614 30 94.2848 33 90.8402 
13
10 26 113.061 29 104.442 31 103.979 21 103.614 27 101.934 28 98.7165 32 97.6471 25 97.0868 24 96.3104 22 96.215 
14
10 26 107.496 31 106.486 24 102.018 32 100.803 27 99.9997 29 99.7118 25 97.5551 30 96.3574 28 92.508 33 91.3867 
15
10 26 104.653 31 102.778 29 100.105 27 97.6859 30 95.7653 32 93.3645 24 93.2605 28 90.8937 25 90.8755 23 89.9092 
16
10 26 108.614 31 106.479 32 101.863 30 96.6321 29 96.5063 25 95.3316 27 93.9955 28 93.9387 33 91.6284 24 89.6142 
17
10 31 101.758 32 101.099 26 99.8831 29 97.0213 28 93.9648 27 93.8583 33 93.8086 30 87.8346 25 79.232 24 68.7653 
18
10 32 100.609 31 96.3955 27 92.5403 29 91.388 33 90.6229 28 89.9385 26 89.085 30 87.5335 7 70.0203 5 69.6279 
19
10 32 103.987 29 98.8128 31 97.1332 33 93.5846 30 92.2433 28 91.054 27 85.1761 6 82.8049 7 80.5474 8 79.8453 
20
10 31 102.595 33 101.647 32 99.2983 29 93.1596 7 90.4493 28 85.6453 6 85.2293 30 83.7606 8 83.4021 13 81.1969 
21
10 13 102.812 8 92.4416 32 89.5138 14 88.1764 12 87.5157 29 87.1709 15 86.103 7 84.6984 9 84.3677 33 83.8893 
22
10 13 94.6853 14 89.226 15 88.1698 12 85.6692 8 84.009 9 83.0594 10 81.5844 16 79.1938 7 78.5004 313 68.7448 
23
10 9 93.2429 8 92.7087 10 90.4588 13 90.0895 14 89.1561 15 88.0463 12 87.3012 6 86.4173 16 81.5846 11 79.7386 
24
10 14 99.4163 13 93.5526 10 91.772 12 91.1561 15 91.1288 6 88.1111 16 87.1783 7 81.835 11 81.4142 4 69.1793 
25
10 14 94.8402 13 94.3299 12 94.2582 10 92.646 16 92.525 15 88.4489 11 84.9186 6 79.5916 7 78.2037 17 76.748 
26
10 13 109.519 16 105.314 10 104.945 12 104.64 14 104.371 9 102.521 15 101.897 17 96.7687 11 92.3865 8 91.4837 
27
10 13 99.599 14 97.5911 15 95.5303 12 95.3307 11 94.427 16 91.3828 17 91.1495 10 90.4707 18 89.6558 9 88.8375 
28
10 12 98.354 13 96.194 16 91.6143 17 91.3776 14 90.3064 15 89.0359 19 88.3692 9 87.8577 18 87.3927 10 86.9807 
29
10 13 102.181 15 98.5748 14 98.0121 19 96.4813 16 94.8022 12 94.6405 17 94.6145 9 92.2351 20 90.9297 18 89.2025 
30
10 16 94.7839 14 94.593 15 94.3578 13 93.6892 12 91.0644 19 90.5046 9 88.3308 10 86.81 17 85.7666 18 85.3601 
31
10 14 105.471 16 104.924 13 102.598 20 102.033 15 101.862 17 100.146 12 97.7092 9 96.5274 19 96.1564 18 95.273 
32
10 19 103.944 16 101.942 14 101.145 17 100.766 18 100.629 9 99.8132 20 99.3675 13 97.4633 12 95.7388 15 94.1008 
33
10 44 115.092 43 109.711 20 104.806 19 96.1522 13 95.7403 17 95.3781 16 94.2153 14 93.0035 18 92.3641 12 91.733 
34
10 43 105.127 44 98.1174 13 80.7543 311 77.387 14 76.6832 16 75.0529 9 73.6301 312 73.6196 10 71.7004 12 69.2527 
35
10 44 79.8968 46 75.3891 33 75.3067 43 74.0292 47 70.4603 311 70.3659 315 69.531 50 67.9185 49 65.2868 45 64.4059 
36
10 48 77.1012 47 75.6862 46 74.6322 50 64.414 311 62.8479 49 62.6523 51 57.9638 43 57.0583 45 56.7553 315 55.9187 
37
10 48 91.8965 47 87.6458 46 81.8268 49 76.6634 51 69.7007 50 66.9757 33 64.3478 311 60.5002 45 53.4339 44 51.1795 
38
10 48 89.9137 47 86.073 50 78.3331 49 76.8274 46 73.325 51 67.02 311 59.8059 310 59.0194 33 54.9554 52 50.8597 
39
10 43 80.5549 44 70.6465 48 65.3981 45 64.3808 46 63.9914 50 63.5936 49 61.4684 47 59.0628 315 57.4316 311 55.2465 
40
10 43 117.295 44 92.5918 14 67.3487 13 66.2096 9 65.8078 10 63.4031 15 63.1542 12 60.1556 315 59.439 8 59.2205 
41
10 44 78.475 13 72.9855 8 65.9814 14 65.338 9 64.7608 12 62.9387 6 62.461 311 61.3787 5 61.2008 7 59.9745 
42
10 33 77.8486 13 66.2746 16 66.22 15 64.0944 12 60.5333 8 59.926 9 59.8301 14 59.298 44 58.7372 5 56.8587 
43
10 40 118.066 33 114.568 34 106.771 39 82.3498 16 78.9432 13 77.9887 12 76.9888 35 75.154 9 74.5354 8 71.9109 
44
10 33 118.469 34 97.799 40 90.9695 35 79.2356 41 77.3677 13 71.7785 10 71.4827 39 69.6404 14 66.5496 8 66.2291 
45
10 49 100.739 48 97.8372 50 80.9457 311 72.0105 34 67.3972 15 66.2127 51 62.7312 35 61.7687 39 61.544 53 59.243 
46
10 48 273.719 49 251.806 50 186.549 51 152.185 52 113.517 310 106.331 311 92.7411 37 79.7384 53 75.4501 35 74.8233 
47
10 49 442.183 50 361.013 51 258.02 310 194.157 52 154.087 311 128.838 48 123.688 309 98.1063 37 86.9755 38 84.1007 
48
10 50 432.368 51 310.301 46 278.874 49 212.747 310 200.951 52 199.78 309 136.537 311 135.884 47 125.163 53 104.867 
49
10 47 457.438 46 262.798 52 248.061 310 237.091 48 215.507 309 179.69 53 146.423 311 145.075 308 125.14 45 102.175 
50
10 48 448.541 47 379.98 52 275.887 310 228.773 46 197.07 53 193.348 309 186.139 54 132.695 311 125.185 308 120.837 
51
10 48 326.118 47 274.517 53 229.67 54 188.908 309 186.31 310 176.788 46 160.738 55 139.937 52 133.075 308 125.139 
52
10 50 288.813 49 259.023 48 210.085 311 196.449 47 163.734 51 137.991 313 135.519 57 132.62 46 118.2 56 101.416 
53
10 311 251.574 51 236.213 50 199.792 58 181.424 313 172.604 57 161.299 49 153.368 59 129.651 310 123.33 314 115.089 
54
10 312 223.286 51 193.608 311 191.586 313 188.379 57 152.504 50 139.321 314 123.355 310 108.782 49 103.708 48 81.8215 
55
10 313 198.4 312 190.635 311 183.05 314 151.918 51 144.311 50 96.0611 52 87.4347 310 83.8391 49 81.9877 315 68.2392 
56
10 313 169.67 312 156.8 311 152.441 314 151.493 51 115.348 52 103.178 310 78.3605 50 75.0593 315 74.8052 49 57.0424 
57
10 311 156.672 53 155.636 313 146.742 54 143.675 312 139.834 52 129.607 51 94.8593 50 74.5136 310 68.0688 49 50.6327 
58
10 53 168.045 311 127.651 312 113.72 51 76.1067 310 57.943 50 53.2757 202 40.0126 49 39.8807 45 37.7419 201 37.6954 
59
10 53 114.936 311 101.081 312 77.2925 52 76.3743 51 53.984 50 40.8371 202 39.9634 310 39.2929 201 36.8201 200 36.6004 
60
10 53 68.0677 311 63.9177 52 55.0974 312 54.4758 51 37.6828 200 35.1958 202 31.2821 201 31.0308 31 28.2466 50 27.8641 
61
10 53 59.9877 311 54.371 312 48.9052 52 44.1528 199 35.4226 200 29.787 201 28.1614 202 27.8841 51 26.4778 203 23.9768 
62
10 53 40.8893 311 39.6813 52 34.3603 312 33.3751 199 30.8307 200 26.1467 201 23.9876 31 21.1247 24 20.8667 22 20.743 
63
10 70 62.8656 64 38.3696 53 37.3935 311 35.1186 198 34.7033 199 33.7664 52 25.7877 200 25.6839 201 24.6145 202 19.4564 
64
10 68 124.223 70 66.3972 71 52.5631 197 41.5199 63 37.34 198 35.1261 53 34.2197 311 32.693 312 32.2257 199 30.3054 
65
10 68 172.542 70 70.5884 72 57.4389 73 55.5968 71 54.8753 66 37.9323 197 34.888 198 32.7724 53 31.6585 311 31.1531 
66
10 68 261.066 70 78.9583 71 73.1977 72 68.6406 76 61.1691 77 60.751 78 59.1281 74 58.9693 75 56.7765 73 55.2978 
67
10 68 127.608 70 103.199 71 82.2755 72 80.9535 74 69.3008 78 66.9229 73 66.3917 77 66.0894 75 65.6377 76 65.4108 
68
10 66 245.041 65 159.223 67 126.464 64 111.665 71 104.845 70 94.0903 196 42.3169 197 34.0681 198 32.7066 53 30.8981 
70
10 71 155.005 67 96.599 68 86.519 66 72.0395 65 64.0383 64 57.982 63 53.9402 54 24.9233 311 21.6923 53 20.6139 
71
10 70 142.394 68 92.7245 67 75.3734 66 64.9306 65 48.2469 64 44.7963 54 25.0843 197 21.2748 53 20.6951 268 20.359 
72
10 67 71.2377 66 58.5549 65 48.331 269 26.6512 53 21.7815 311 19.1746 268 18.2627 197 17.8161 196 15.4002 198 15.053 
73
10 67 57.9366 66 47.0986 65 45.8149 269 28.3101 268 19.7714 53 19.0843 197 18.6711 198 16.0138 311 15.5126 196 13.4598 
74
10 67 59.881 66 48.9526 268 26.1868 53 19.8931 197 18.8914 311 16.5526 196 15.6712 198 13.545 266 11.5273 267 11.1834 
75
10 81 118.877 82 75.4645 67 55.8128 66 46.1798 267 20.8126 83 19.799 53 19.0756 197 18.9248 266 16.9841 311 15.0539 
76
10 79 339.715 80 228.892 81 174.624 82 98.4762 67 54.0797 66 48.6945 83 45.155 197 21.1442 53 19.5441 266 16.5849 
77
10 79 357.891 80 249.253 78 129.655 82 104.529 67 52.7669 66 46.5779 53 17.637 197 15.3689 196 14.1813 311 13.965 
78
10 77 127.299 81 64.9544 67 52.0122 79 49.7581 102 49.2626 103 45.0377 66 43.907 101 43.664 80 42.9752 104 30.822 
79
10 77 350.224 76 320.048 101 50.7288 78 49.391 102 42.3284 67 41.383 100 32.0976 103 29.2184 66 27.4991 104 18.1968 
80
10 77 249.569 76 222.813 175 68.2427 173 65.2935 174 62.326 172 54.1526 78 41.1361 100 33.0782 99 25.7587 101 22.8626 
81
10 76 170.669 75 116.001 88 83.8303 78 64.5788 190 18.3937 97 17.9918 95 17.3034 98 16.2967 96 16.2371 94 15.7132 
82
10 88 147.482 77 107.425 76 99.8522 89 89.6542 75 74.3381 87 31.8229 94 28.4925 95 28.3976 193 27.4002 93 27.0325 
83
10 88 226.28 89 104.807 87 99.9867 76 44.28 92 40.2257 93 36.8511 95 33.5788 94 26.3447 96 21.0426 75 19.824 
84
10 88 304.211 89 164.364 87 114.264 92 75.542 93 64.052 95 44.9192 94 41.5279 186 39.2716 185 31.8554 291 26.6363 
85
10 88 544.112 87 283.396 89 248.131 187 103.997 186 101.399 92 98.9367 292 68.8132 185 68.3368 93 62.0716 291 48.0674 
86
10 88 614.657 89 250.641 87 160.17 187 119.771 186 110.638 92 109.314 293 106.76 292 85.2916 185 73.4353 93 63.1607 
87
10 85 277.989 86 158.42 187 116.407 84 110.806 188 108.861 92 103.873 293 103.144 83 94.1083 185 92.8924 292 75.7084 
88
10 86 628.181 85 552.954 84 303.69 83 218.962 82 148.458 186 112.256 187 111.205 185 94.3544 92 88.9164 81 86.5193 
89
10 86 254.068 85 253.831 84 167.543 83 101.986 82 91.3677 93 66.3917 187 62.7442 186 58.6512 185 57.17 184 46.7054 
90
10 92 174.181 93 131.983 186 46.4048 185 44.9335 94 41.9939 184 38.6362 292 38.2846 182 35.4953 291 32.7307 181 32.4366 
91
10 93 196.66 94 99.2935 95 65.5872 185 53.3847 184 44.8065 183 35.5269 181 34.3866 182 34.1733 179 32.9814 180 32.3209 
92
10 94 193.971 90 193.006 95 157.354 86 122.464 87 114.871 85 112.32 88 95.293 84 85.6437 179 44.1205 83 44.0505 
93
10 95 250.478 91 213.522 96 193.271 90 142.532 97 103.073 94 89.9528 84 72.3578 89 71.519 87 71.4565 88 69.857 
94
10 96 293.423 92 217.949 97 195.504 95 135.027 91 114.954 98 110.38 93 96.7498 99 59.7825 178 56.2076 90 48.4095 
95
10 97 341.189 93 274.222 98 216.592 92 178.735 96 144.436 94 143.207 99 101.946 91 77.9093 178 70.4131 177 63.4067 
96
10 98 382.232 94 306.203 99 207.658 93 201.119 97 189.489 95 149.063 176 99.2417 100 93.1383 175 68.6412 82 29.7987 
97
10 99 388.238 95 357.543 98 212.236 100 208.914 94 205.391 96 197.563 93 110.046 101 77.14 92 44.323 102 44.2469 
98
10 100 392.285 96 387.105 99 285.875 95 220.115 97 212.894 101 164.139 94 113.709 102 78.046 93 53.5639 103 43.9101 
99
10 97 392.688 101 335.755 98 291.124 96 213.636 100 178.971 102 168.783 95 106.076 173 100.022 103 90.9096 94 64.1799 
100
10 98 396.463 102 316.414 175 258.34 97 211.587 101 180.924 103 177.147 99 176.998 174 171.849 104 112.158 96 94.2912 
101
10 103 418.508 99 345.19 104 299.58 105 237.817 174 204.968 102 192.706 100 180.03 175 174.908 98 170.166 106 142.916 
102
10 105 402.382 103 342.638 100 317.095 106 292.091 107 259.27 108 248.498 109 213.124 101 192.179 99 173.348 110 154.915 
103
10 105 522.575 106 479.516 104 443.919 101 408.228 102 332.363 100 168.759 173 115.225 174 95.4268 99 87.2329 172 73.4224 
104
10 103 420.054 101 281.876 100 102.987 173 68.1502 172 50.5543 174 50.1071 99 38.6658 170 31.8822 175 29.9748 169 26.3461 
105
10 103 465.847 102 362.841 101 212.051 100 60.3203 173 54.4043 174 34.541 170 22.3373 169 17.154 175 14.9102 78 12.2789 
106
10 103 415.729 102 251.036 112 220.545 113 142.693 101 118.957 114 88.9469 173 39.718 115 32.3754 100 28.8803 174 15.5213 
107
10 109 863.479 110 602.372 111 319.759 102 214.03 112 208.822 113 125.126 101 85.4151 114 72.9738 100 26.1722 173 26.1149 
108
10 110 755.626 111 480.804 112 312.082 109 244.201 102 196.746 113 184.829 114 100.884 101 78.1451 115 32.0802 100 26.9229 
109
10 107 792.571 111 636.782 112 410.382 113 262.952 108 235.096 110 220.95 102 159.431 114 118.149 115 41.1479 100 18.2525 
110
10 108 696.518 112 588.619 107 525.39 113 384.143 111 257.847 109 210.361 114 172.707 102 106.718 115 80.4388 116 20.3285 
111
10 109 605.705 113 550.095 108 444.258 114 299.4 107 289.948 112 287.564 110 247.969 115 165.352 116 60.2783 102 50.3693 
112
10 110 555.388 114 414.859 109 375.189 115 294.091 111 272.675 108 271.701 107 178.692 106 174.554 113 157.44 116 146.528 
113
10 111 520.433 114 359.704 110 354.298 115 286.818 109 234.468 116 160.816 108 158.27 112 153.335 106 109.673 107 103.902 
114
10 112 400.451 113 354.002 111 286.259 116 282.431 117 200.328 110 153.251 118 140.429 109 96.3043 115 92.6782 119 89.0181 
115
10 112 285.936 113 275.845 116 258.304 118 169.507 111 160.076 119 106.219 114 91.0325 110 72.6258 109 35.18 125 28.027 
116
10 117 365.327 118 364.428 114 290.637 115 268.173 119 186.304 113 164.287 112 151.816 124 64.0383 111 63.2539 110 20.9802 
117
10 118 437.29 116 389.478 119 246.682 114 208.286 112 128.596 111 43.4057 110 15.2829 100 8.03306 102 7.81267 99 7.44281 
118
10 117 467.844 116 400.84 115 180.892 114 148.644 113 98.6821 112 96.7322 178 10.847 177 9.96846 179 9.32591 180 7.89292 
119
10 117 277.329 116 207.385 115 111.937 114 93.425 121 87.5824 113 71.3204 112 62.1494 111 18.1904 97 7.85046 95 6.87079 
120
10 121 28.3903 111 22.4325 94 11.9355 93 11.5129 92 11.0229 95 9.91352 91 7.50777 97 6.51174 110 6.47702 90 5.80395 
121
10 122 186.799 119 88.745 120 26.8472 138 7.3112 140 5.52765 141 4.4714 139 4.31297 142 3.04825 143 2.27699 145 1.89549 
122
10 121 174.383 126 143.746 127 134.604 128 93.7091 131 19.5062 132 13.7966 137 11.452 134 9.99358 138 8.5713 133 8.2405 
123
10 125 284.999 124 213.127 126 177.527 127 160.771 128 105.759 129 76.7148 130 39.9807 131 19.5956 132 15.7257 134 10.2885 
124
10 126 226.268 127 225.582 123 208.626 125 175.809 128 156.315 129 112.741 130 66.6438 116 63.4955 131 31.9926 132 22.4963 
125
10 123 276.365 127 243.006 128 206.142 124 171.917 129 153.111 126 120.241 130 88.0757 131 43.1113 132 30.3661 115 27.2217 
126
10 128 246.419 129 228.293 124 213.666 127 179.894 123 166.722 130 144.045 122 138.528 125 117.572 131 73.8563 133 27.9676 
127
10 129 314.984 130 251.871 125 227.528 124 204.378 128 191.495 126 175.185 123 144.071 131 135.976 122 122.918 132 85.7844 
128
10 130 290.767 126 232.063 131 216.902 129 196.934 127 187.647 125 187.027 132 140.031 124 137.074 133 97.9043 123 92.0903 
129
10 131 363.207 127 298.291 132 244.508 130 238.569 126 209.493 128 193.124 133 154.402 125 135.449 134 117.428 135 110.5 
130
10 131 362.506 128 284.344 133 257.739 129 244.09 127 238.084 134 211.634 135 187.947 126 132.02 136 115.319 125 75.8412 
131
10 133 512.253 134 391.74 130 382.473 129 364.798 132 363.326 135 266.585 128 219.593 136 157.758 127 132.093 137 105.316 
132
10 134 507.54 131 377.2 135 329.645 133 251.431 129 249.599 136 200.564 128 143.614 137 132.71 127 84.5528 138 61.0912 
133
10 131 548.338 135 436.338 130 285.661 136 277.193 132 260.896 137 191.415 129 166.375 128 106.049 138 83.373 139 59.5513 
134
10 132 540.847 131 426.847 136 422.898 137 320.571 135 303.992 130 236.001 138 139.302 129 128.568 139 100.287 140 81.158 
135
10 137 460.538 133 446.277 132 346.608 134 302.24 131 285.426 138 239.893 130 210.207 139 168.957 129 122.846 140 119.736 
136
10 134 436.226 138 324.102 133 292.144 139 247.299 137 228.091 132 216.026 140 176.131 131 171.317 130 126.881 141 113.474 
137
10 135 484.48 134 335.444 139 309.575 140 264.184 136 234.137 133 204.295 141 166.826 138 162.132 132 144.209 131 115.153 
138
10 136 334.379 140 321.719 135 252.468 141 240.512 137 168.33 142 155.745 134 147.68 139 133.83 143 104.381 144 92.5003 
139
10 137 322.126 141 316.534 136 258.953 142 216.759 140 216.699 135 180.904 143 151.521 138 136.79 144 129.23 134 109.436 
140
10 142 361.161 138 329.093 137 273.387 143 267.963 141 244.433 139 218.821 144 207.849 136 184.282 145 159.059 146 140.146 
141
10 143 389.608 144 348.074 139 322.751 145 269.708 140 249.302 138 247.159 142 232.409 146 207.053 137 173.662 147 161.664 
142
10 144 395.636 140 367.646 145 347.429 146 254.863 141 233.138 139 221.162 143 206.537 147 191.44 138 159.85 148 143.555 
143
10 145 469.526 141 394.334 146 386.165 140 273.11 144 249.716 142 211.702 139 154.628 138 106.629 137 70.9068 136 54.572 
144
10 142 401.894 141 351.704 143 249.187 140 211.789 145 142.003 139 132.046 138 94.4538 137 64.9477 136 47.9653 135 39.4627 
145
10 143 458.379 142 343.551 141 267.608 140 159.88 144 137.62 139 97.944 138 73.41 137 58.1029 136 42.1525 135 31.5419 
146
10 143 368.73 142 242.857 141 197.94 140 136.593 139 89.4901 138 60.7446 137 50.1736 136 36.1448 135 25.6072 134 21.1615 
147
10 142 174.409 141 148.723 140 106.811 139 71.4405 138 56.0623 137 38.384 136 28.9912 135 19.8011 134 15.43 133 10.1063 
148
10 142 126.269 141 113.938 140 92.2884 139 69.7137 138 57.975 137 46.6427 136 32.8894 135 24.5712 134 18.6496 133 11.0389 
149
10 141 61.6168 140 50.4225 139 43.4932 137 38.2989 138 38.2026 136 32.5971 135 22.4053 134 20.8891 132 11.9338 133 11.8773 
150
10 151 255.998 140 38.3406 139 35.8969 138 28.8949 137 27.0873 134 24.4594 136 23.4417 135 18.7592 132 13.9179 131 7.94493 
151
10 152 341.364 150 255.285 280 55.3054 281 45.7484 140 19.2928 139 12.8018 138 11.1418 136 9.96299 134 7.6427 135 5.61721 
152
10 151 339.775 282 33.1495 280 31.8728 281 26.6047 283 20.2536 284 15.1377 285 14.3565 279 12.7284 137 7.7564 139 6.49574 
153
10 154 308.077 137 3.19468 138 3.19362 282 2.86517 136 2.77043 281 2.35534 237 1.14515 283 0.624779 236 0.215941 214 0.180117 
154
7 153 313.18 237 1.41131 242 0.295884 236 0.280624 214 0.130884 73 0.00517647 72 0.00445805 
155
10 156 412.046 160 206.808 161 106.134 162 38.6833 163 16.0871 164 8.50446 165 3.43004 214 0.839441 169 0.731151 170 0.678422 
156
10 158 693.703 157 524.446 159 446.808 155 417.274 160 301.079 161 159.298 162 60.5565 163 27.0429 164 14.2258 165 5.55793 
157
10 159 660.627 156 520.79 158 519.373 165 10.1101 169 3.14043 214 2.30965 172 0.762468 173 0.44418 242 0.423747 236 0.386364 
158
10 159 848.658 160 724.157 156 641.834 157 509.169 161 442.525 162 190.169 163 82.0086 164 45.6786 165 21.5364 169 8.28773 
159
10 160 938.175 158 838.84 161 745.989 157 609.435 156 402.618 162 332.706 164 92.3331 165 43.233 170 16.8841 169 15.3714 
160
10 159 926.488 161 891.971 158 696.756 162 567.338 156 260.395 155 176.189 164 146.128 165 74.515 270 58.1555 170 30.9123 
161
10 160 881.526 159 720.35 162 719.851 158 419.138 164 255.172 156 135.934 165 122.179 155 90.0471 270 57.6878 170 52.3612 
162
10 161 713.632 160 559.289 164 504.065 159 326.867 165 232.362 158 188.912 269 141.618 268 125.382 170 95.3763 169 91.8596 
163
10 164 508.279 165 378.77 170 138.29 269 131.604 171 109.402 268 102.415 172 93.2496 158 85.2649 267 71.0732 173 66.142 
164
10 162 525.698 163 516.55 161 265.613 165 235.209 170 160.166 160 152.586 171 136.564 172 111.01 173 109.109 269 106.113 
165
10 163 399.986 162 253.616 164 239.211 170 191.596 171 163.732 173 154.725 172 142.73 161 136.548 269 91.8337 160 84.7829 
166
10 171 181.005 170 168.034 173 160.159 172 159.698 174 147.079 269 77.8943 270 52.0881 101 51.2327 268 50.7114 102 40.4149 
167
10 174 161.419 173 153.884 172 152.12 171 141.285 175 114.047 101 56.878 269 43.0209 102 42.8097 268 31.428 103 21.8123 
168
10 172 242.716 171 208.935 174 207.6 175 147.02 100 70.7154 101 67.8917 102 59.2111 269 46.8348 103 38.0224 268 31.9207 
169
10 171 363.465 172 323.939 173 294.953 174 185.526 175 141.922 170 130.967 162 118.435 103 68.4004 100 65.1489 102 62.1406 
170
10 172 547.854 171 512.02 173 290.618 165 214.286 166 195.758 164 182.838 174 175.254 163 162.331 169 136.541 162 117.602 
171
10 170 531.816 172 417.684 169 386.284 173 356.97 168 232.089 166 203.452 174 195.528 165 184.35 167 166.344 164 158.461 
172
10 170 553.625 171 404.22 169 339.813 168 260.051 166 183.272 167 173.823 165 166.131 164 134.711 163 117.683 101 97.6539 
173
10 171 352.26 169 313.075 170 295.926 165 189.687 166 187.752 167 178.655 102 153.749 103 147.283 164 142.872 101 140.856 
174
10 168 214.789 101 209.493 171 191.308 169 188.355 167 180.304 170 175.918 100 171.12 166 169.584 102 156.456 103 107.134 
175
10 100 234.646 101 159.526 168 140.188 169 137.106 167 118.736 170 104.997 102 96.8094 103 62.0376 96 61.256 80 52.2198 
176
10 96 89.2741 101 61.1001 169 29.1622 102 28.5853 168 27.9707 103 23.8483 94 19.3652 179 19.3621 112 11.6798 81 11.3481 
177
10 181 71.5635 95 55.0233 94 39.9924 182 36.8253 101 24.3863 183 19.4888 93 17.9021 184 15.8012 291 15.1971 186 11.9377 
178
10 183 99.506 184 78.7123 95 61.6214 185 54.4563 94 52.1402 186 47.5404 93 43.4544 187 36.4146 188 29.2361 92 28.6623 
179
10 92 46.4529 93 39.7643 94 36.6634 91 35.703 87 32.0711 89 30.2755 90 27.2523 86 27.2473 85 27.1315 176 16.9072 
180
10 288 42.8272 92 41.0278 91 34.38 93 32.6248 88 32.3719 89 31.8032 87 31.4896 287 30.5252 94 29.7081 90 28.8972 
181
10 289 88.9177 288 61.1416 177 60.1245 88 51.3414 287 43.7959 87 41.6797 92 39.2987 86 36.7929 286 36.2829 91 35.704 
182
10 187 167.215 291 105.63 188 86.2029 290 83.6766 189 72.1498 289 66.9359 87 48.2068 88 47.8977 288 46.05 86 41.3444 
183
10 185 966.89 186 525.76 187 212.967 292 144.862 291 139.557 188 120.946 293 105.442 294 85.3393 178 79.7984 189 76.92 
184
10 185 1005.93 186 725.996 187 304.657 188 159.949 292 159.942 291 152.927 293 148.279 294 113.212 189 106.21 290 82.3226 
185
10 184 939.886 183 842.377 186 675.022 187 487.091 188 273.421 292 253.898 293 234.974 294 184.196 189 165.178 190 103.721 
186
10 184 646.001 185 625.031 187 456.591 183 442.67 188 424.251 292 369.614 291 306.605 189 271.52 290 120.73 88 98.9057 
187
10 185 434.217 186 425.484 291 317.422 184 267.583 183 177.365 182 132.675 290 110.858 86 101.699 87 100.759 88 94.4743 
188
10 292 587.184 293 432.756 186 374.516 291 313.158 185 235.602 184 137.355 290 104.065 183 99.4304 87 91.7512 182 69.3072 
189
10 293 606.339 292 389.283 186 233.74 291 200.28 185 138.726 296 130.746 184 87.8678 183 61.4863 182 55.7035 297 45.3892 
190
10 293 419.956 292 217.973 294 178.854 296 142.047 291 106.693 185 88.0215 184 53.7455 290 39.7272 297 39.3586 183 37.9476 
191
10 192 317.231 293 271.178 292 142.262 296 104.446 291 66.6401 185 62.2332 297 42.5847 184 34.0038 290 25.544 183 24.4533 
192
10 191 309.024 291 40.8012 185 32.9814 297 31.6767 296 20.8769 184 16.8854 290 13.8808 183 12.5766 289 11.2009 81 10.8825 
193
10 185 27.226 82 20.1059 184 16.7294 290 9.85363 183 7.66424 81 6.35043 96 6.13692 68 5.20279 297 4.52545 199 3.80289 
194
10 196 168.079 195 75.8575 197 66.0259 198 45.498 199 23.1885 68 16.958 200 15.7358 82 8.36762 81 5.4488 185 3.85569 
195
10 197 146.803 198 112.022 196 82.5664 194 77.3186 199 75.8541 200 57.0871 68 21.4641 268 20.0543 267 19.0644 269 14.7737 
196
10 198 264.969 194 166.791 197 85.8581 195 82.6529 256 43.5265 67 40.5576 66 37.3178 68 34.2008 164 25.3782 255 21.2228 
197
10 195 153.129 196 86.4839 194 68.1294 258 50.6555 257 43.5198 64 33.7509 66 32.7743 256 32.3295 68 30.5167 65 29.4495 
198
10 196 279.088 195 116.488 194 45.7122 258 45.5696 257 38.2265 68 30.1512 64 29.8092 63 28.734 65 28.4498 66 28.1052 
199
10 195 82.4708 257 52.9252 256 38.647 63 29.0559 61 27.7989 68 26.3376 64 25.9685 65 25.9269 66 25.4078 62 25.0437 
200
10 195 64.867 257 62.811 256 45.05 59 27.6403 60 27.4932 64 24.3844 61 24.1806 63 22.6755 66 22.2813 65 22.2767 
201
10 256 42.6361 59 28.5937 58 28.5504 60 25.4045 61 23.4842 63 22.9636 62 21.1073 255 18.843 65 17.738 68 17.6105 
202
10 59 31.8788 58 31.2004 57 29.5279 60 26.1423 61 23.4756 255 22.2201 68 18.4635 63 18.2917 64 17.7158 65 16.4662 
203
10 57 28.5413 58 27.7488 59 26.1477 56 24.2957 60 22.2659 61 21.1355 63 17.6461 62 17.0746 64 16.5137 65 15.1677 
204
10 59 22.131 58 21.3492 60 20.1097 57 17.7892 61 17.586 56 17.3971 62 17.1813 63 15.729 64 14.8394 68 14.435 
205
10 255 27.439 58 19.0614 60 18.852 61 17.7858 56 17.7458 63 16.6428 55 16.1673 62 15.7769 321 15.2863 59 15.2199 
206
10 320 20.4526 60 19.0141 58 18.5575 321 18.4901 59 17.8722 322 16.7816 61 16.2366 55 15.8428 56 14.8865 57 13.849 
207
10 58 19.3914 55 18.541 313 18.4915 320 18.3238 57 17.8091 59 16.2837 321 15.3925 54 15.3153 60 15.1752 314 14.745 
208
10 209 107.566 23 22.5033 24 21.2309 29 20.2298 25 18.5452 27 18.3073 26 18.2551 28 17.9359 313 17.8447 55 17.1117 
209
10 211 304.73 208 112.716 8 33.774 7 32.0903 2 30.7211 4 29.6504 3 29.4408 0 29.0439 6 28.4558 9 28.1239 
210
10 212 300.549 213 260.664 214 176.938 211 157.329 7 29.0889 8 27.9828 4 26.1327 1 26.1111 0 25.4623 5 24.9138 
211
10 209 321.644 213 277.299 214 257.354 210 161.323 212 100.472 7 18.3785 2 17.4786 3 17.0208 9 17.0003 8 16.9357 
212
10 214 347.498 210 318.188 211 102.533 213 93.3188 239 15.7733 238 13.5926 9 13.0681 5 12.8814 7 12.741 6 12.2979 
213
10 215 316.328 211 290.957 210 282.171 212 97.186 238 15.7996 241 12.8737 5 11.9735 2 10.8652 239 10.7841 13 10.3819 
214
10 212 367.449 211 274.966 210 191.158 237 19.6042 241 13.3214 238 12.7584 240 12.4915 239 12.0841 236 8.0413 2 6.93289 
215
10 217 652.464 213 353.457 216 271.144 236 16.8558 237 14.7417 242 9.50902 241 8.21204 238 7.8936 239 6.71288 240 5.98856 
216
10 215 282.232 217 195.342 236 19.6856 237 15.7598 242 15.1745 241 13.8093 235 12.9204 234 12.1168 238 12.0583 239 10.9627 
217
10 215 704.012 216 205.621 236 23.1712 237 18.0628 235 16.4642 242 15.9691 238 14.3702 234 14.3589 241 12.4186 239 11.7151 
218
10 236 24.2595 235 20.5815 234 18.2958 233 17.8207 237 16.0125 242 15.6683 238 13.7509 241 12.8825 243 12.1702 239 12.0423 
219
10 234 36.4459 233 35.2245 232 31.0228 235 26.328 243 12.3179 236 12.0843 237 8.55395 244 8.43977 242 7.26667 245 6.80567 
220
10 226 269.016 227 208.582 228 165.969 229 117.308 230 69.0248 231 53.2553 234 49.2612 233 42.1484 232 39.6698 235 22.3688 
221
10 226 338.764 227 247.5 228 200.952 229 148.982 230 84.8373 231 67.0733 234 55.327 233 53.6289 232 50.1457 235 26.4072 
222
10 225 734.82 226 587.348 227 433.15 228 337.267 229 230.066 230 140.173 231 117.617 232 74.6799 234 74.4542 235 28.6184 
223
10 225 852.408 226 711.239 227 545.323 228 421.96 229 294.893 224 209.284 231 129.752 233 98.4414 234 60.1333 235 22.4099 
224
10 226 875.836 227 656.349 228 516.146 229 366.502 223 213.909 230 213.236 231 165.211 225 137.063 232 119.977 233 109.396 
225
10 227 970.505 223 896.215 222 787.122 228 711.931 226 621.429 229 470.598 230 256.897 231 209.526 232 159.656 224 143.128 
226
10 224 911.931 228 907.31 223 752.575 222 633.244 225 629.351 229 624.933 227 497.996 221 374.478 230 328.489 220 306.937 
227
10 225 980.252 229 863.765 224 685.5 223 576.137 228 502.345 226 500.735 222 466.149 230 462.082 231 344.704 221 272.08 
228
10 226 899.503 225 713.356 230 661.312 224 535.145 227 504.134 223 440.863 229 432.297 222 359.449 232 327.706 233 269.502 
229
10 227 846.131 231 698.067 226 613.558 230 540.935 225 468.84 228 433.566 232 411.176 224 374.598 223 304.627 222 243.82 
230
10 228 673.2 229 556.725 227 471.233 226 338.766 232 287.915 225 265.545 224 224.965 234 181.626 222 153.62 231 130.813 
231
10 229 737.306 227 358.709 226 262.18 225 219.735 224 176.538 223 141.22 230 133.994 222 130.007 246 107.99 245 102.774 
232
10 229 433.973 228 342.174 230 294.784 227 257.879 226 201.715 225 167.045 224 129.994 245 102.411 246 92.2788 222 83.0746 
233
10 228 279.833 235 226.877 227 225.524 226 179.478 225 146.83 245 141.024 236 136.087 224 117.693 223 106.011 246 103.023 
234
10 236 331.733 235 244.163 229 193.585 230 182.502 244 175.248 228 160.207 243 157.997 227 146.795 245 139.378 237 137.043 
235
10 234 253.248 233 247.916 243 188.349 244 134.384 242 131.139 237 128.341 238 119.71 241 89.0738 239 88.5831 240 84.2222 
236
10 234 331.953 239 178.915 243 178.912 242 171.721 240 151.724 233 143.026 241 139.925 238 69.8862 231 28.5547 232 26.9479 
237
10 239 240.869 240 214.474 234 137.449 235 129.281 233 22.2353 217 17.627 214 17.0268 218 15.9073 236 15.8634 216 15.6967 
238
10 239 154.457 235 111.436 236 66.9128 234 29.4553 217 14.0993 213 14.0308 218 13.8048 216 12.2098 214 11.9002 212 11.715 
239
10 237 222.534 236 170.709 238 144.158 235 82.8559 212 13.5964 218 11.9801 214 11.3698 217 11.2625 216 10.8646 207 10.0741 
240
10 237 188.065 236 138.228 235 77.7618 234 17.975 218 11.6829 214 11.4168 201 11.0822 207 10.7935 197 10.5569 211 10.4037 
241
10 236 121.818 235 80.7039 234 25.8752 216 13.4536 218 12.7994 200 12.3476 217 11.9023 214 11.7176 213 10.6874 198 10.2675 
242
10 236 152.751 235 123.96 234 88.0438 233 25.4802 218 14.5876 217 14.4893 216 13.9017 232 11.9218 231 9.99325 215 8.33556 
243
10 235 175.367 236 163.601 234 156.698 233 67.1807 232 52.4295 231 42.9709 230 42.7781 229 38.8158 228 38.2549 227 31.7534 
244
10 246 325.598 234 170.452 235 122.754 233 98.2782 232 75.9198 231 71.4743 247 69.5738 230 59.9411 229 46.3741 228 45.5356 
245
10 233 143.463 234 133.229 231 106.64 232 105.473 230 91.7227 229 69.9879 235 58.5206 228 57.3206 227 43.7163 226 31.1333 
246
10 244 306.627 231 115.099 233 111.135 230 103.526 232 100.45 229 77.5985 228 60.6612 227 36.0343 248 33.7561 235 26.8699 
247
10 231 77.4526 233 74.0805 232 67.8616 244 66.7906 234 34.6086 245 25.3165 235 11.7964 281 4.23984 285 4.05225 284 3.84437 
248
10 249 61.5679 246 34.4273 244 11.4288 284 5.09919 182 4.44987 285 4.37307 186 4.31877 281 4.08791 282 3.72764 185 3.2892 
249
10 248 60.2284 186 5.55569 182 5.38561 185 3.6332 295 3.44356 183 3.25499 184 3.15555 284 2.61194 90 2.15691 296 1.96038 
250
10 186 7.74859 182 5.71999 185 5.0811 295 4.41623 183 3.08688 184 3.06209 90 2.45533 296 2.2553 89 1.97668 297 0.75654 
251
10 253 112.221 186 9.71824 295 5.73681 185 5.54683 182 5.33948 184 3.81201 183 3.24667 296 1.74142 297 0.639095 117 0.303898 
252
10 253 80.5294 254 46.7007 186 7.77988 295 6.15102 185 4.63702 182 3.53989 296 3.06521 184 2.66443 183 2.64204 117 0.285653 
253
10 251 111.184 252 80.2688 186 6.22029 295 6.18575 256 3.26729 185 3.20015 296 3.059 182 2.11104 183 1.94011 184 1.52929 
254
10 256 81.9638 252 46.157 257 39.046 258 22.805 196 6.79145 255 5.69337 295 1.11901 65 1.0965 67 1.01313 66 0.634198 
255
10 257 188.501 258 148.046 259 100.43 260 75.0833 256 54.122 261 34.0432 262 26.2051 205 18.8141 263 15.4963 202 15.0635 
256
10 258 369.036 260 224.927 257 162.353 261 153.597 262 103.78 254 85.054 263 78.2369 264 70.2149 255 54.5635 265 51.857 
257
10 259 370.132 260 265.419 258 196.865 255 193.477 261 192.849 256 155.93 200 48.1805 199 41.6941 254 37.8069 269 37.495 
258
10 256 364.304 257 189.105 255 153.57 259 145.859 269 51.6251 197 39.8419 198 35.7917 270 29.9992 161 23.5791 254 21.0547 
259
10 257 348.856 258 137.719 255 104.877 163 25.4803 164 24.0229 165 17.3929 166 14.8649 167 11.5804 68 10.3817 168 9.88466 
260
10 257 240.493 256 213.878 255 75.1499 163 26.2928 164 23.8009 165 18.2533 166 14.594 167 10.1397 168 9.48732 169 8.59921 
261
10 257 172.426 256 143.523 255 34.2713 165 16.4787 169 11.9004 166 11.3619 170 10.1475 167 8.51618 76 7.84627 168 7.78232 
262
10 256 94.4225 255 25.3429 165 16.331 166 13.7877 169 12.9564 170 10.0668 167 9.20369 168 8.02295 171 7.56461 77 6.87165 
263
10 256 68.8009 164 52.5386 165 16.6436 169 15.7342 166 15.5427 255 14.4769 170 12.2564 167 10.6099 168 9.40609 171 9.09692 
264
10 256 58.5582 163 57.6132 164 47.0597 165 23.0295 166 17.7467 169 16.577 170 14.5344 167 10.7811 171 9.30591 172 8.05954 
265
10 269 188.664 270 94.8881 163 63.748 164 51.4665 256 41.0328 165 34.008 166 25.2255 169 17.4558 170 15.537 168 15.0906 
266
10 268 306.689 269 252.064 270 137.74 163 80.7011 164 67.9689 165 38.2258 256 36.1502 169 22.6287 167 18.2373 170 16.764 
267
10 269 334.043 268 283.922 270 180.649 163 94.8341 164 83.4722 271 58.6898 165 53.4963 166 39.0051 169 26.537 167 23.6221 
268
10 266 277.745 267 275.049 270 269.135 269 261.004 162 162.261 163 128.874 271 112.967 164 104.221 165 83.3598 166 58.0222 
269
10 267 313.231 270 299.009 268 260.475 266 221.887 162 171.605 163 153.078 265 152.968 164 120.435 165 101.231 166 84.5283 
270
10 269 302.223 268 256.539 267 162.476 266 114.9 162 90.9261 265 71.0673 160 66.1748 161 65.1222 163 62.9582 164 58.9225 
271
10 272 361.398 273 263.913 268 107.985 267 54.3282 274 44.3586 165 19.0679 275 16.4955 174 15.9758 167 12.9655 164 10.9295 
272
10 271 354.35 274 170.723 275 83.4312 273 61.7954 276 35.5043 174 12.0969 178 7.9689 166 6.09571 101 5.40056 167 4.69629 
273
10 274 322.074 275 279.555 271 240.342 276 135.567 272 59.952 277 52.2782 278 37.3714 178 20.1141 279 18.9504 174 5.14354 
274
10 275 375.739 273 320.494 272 170.149 277 123.62 278 78.5441 279 57.5845 271 44.2964 178 19.947 288 13.1434 287 11.5557 
275
10 274 372.747 273 285.495 277 235.904 278 163.397 279 119.046 272 81.6341 280 28.9938 288 25.8638 287 20.6814 271 16.2995 
276
10 278 253.549 277 151.406 273 133.982 272 31.4128 288 31.2809 287 30.1498 289 25.5301 286 23.8479 285 17.7749 128 17.243 
277
10 275 233.509 276 150.83 274 121.552 287 55.5002 273 53.6844 286 50.7718 288 48.6013 289 39.717 290 24.3759 135 14.3533 
278
10 276 249.163 275 155.99 274 74.574 289 37.9928 273 36.923 290 27.3472 181 12.4244 135 11.8834 179 11.6034 134 11.1758 
279
10 275 106.919 274 51.5155 273 17.7125 182 14.0814 134 13.7127 135 13.6753 181 11.707 152 10.3346 129 8.78767 184 8.27689 
280
10 151 42.782 275 27.2868 152 26.2049 181 13.3414 182 10.8847 135 10.5852 134 10.0587 184 8.03604 180 7.34131 179 7.24071 
281
10 151 35.3845 152 20.9942 181 13.0814 182 10.2917 134 10.2684 133 10.1703 135 9.26623 132 8.1842 180 6.84576 248 6.56786 
282
10 152 25.5013 182 13.6654 181 13.449 134 10.0082 133 9.35734 179 8.1971 180 7.14404 132 6.35433 248 5.53475 247 5.20694 
283
10 285 565.639 286 361.182 152 14.648 182 12.1135 181 9.93375 183 8.67556 179 7.37584 180 7.00635 134 5.61822 133 5.52222 
284
10 286 448.326 285 428.2 287 311.737 288 176.156 182 15.4823 181 14.7626 276 12.286 183 11.4526 185 11.3391 184 10.6251 
285
10 283 480.316 284 394.387 287 340.769 286 278.885 288 189.871 289 137.189 182 21.6171 185 19.4498 181 19.3987 186 19.3281 
286
10 284 414.608 283 316.634 285 272.522 288 262.218 289 182.483 290 110.587 291 66.5406 292 48.1533 277 43.853 287 36.479 
287
10 285 329.163 284 293.162 288 216.463 290 150.313 291 96.2165 292 64.0065 277 47.2862 181 39.3404 182 38.5473 293 35.6666 
288
10 290 252.379 286 249.646 289 247.407 287 207.759 285 180.111 284 165.511 291 135.044 181 53.7513 293 46.8791 182 43.3227 
289
10 290 260.147 288 240.352 291 236.563 286 168.652 292 130.841 285 124.197 293 78.898 181 76.5812 186 66.669 182 61.3833 
290
10 291 309.581 289 254.864 288 237.751 292 234.693 287 135.35 186 117.184 187 111.789 188 111.523 286 97.5586 185 85.9152 
291
10 292 505.366 293 440.839 188 326.567 187 309.46 290 302.424 186 287.186 294 250.955 289 225.566 189 218.363 295 147.072 
292
10 188 586.696 293 561.798 291 488.467 294 432.486 189 408.578 186 327.353 190 235.554 295 223.643 290 219.922 185 218.73 
293
10 189 607.694 294 550.203 292 537.042 190 436.331 188 410.721 291 404.309 295 302.525 191 293.36 185 194.313 296 134.97 
294
10 293 519.461 292 389.359 295 233.616 291 216.765 190 177.076 296 152.542 185 146.663 184 90.8652 297 73.6377 290 71.5479 
295
10 293 267.798 294 212.121 292 190.246 291 121.149 296 113.108 185 77.3241 297 75.8273 298 69.5617 184 52.2043 290 49.0716 
296
10 298 159.526 294 130.781 190 124.143 293 114.525 189 110.903 295 102.134 191 95.6537 299 86.3776 292 77.0475 291 55.0919 
297
10 299 170.834 298 163.385 300 101.675 293 67.5457 295 66.9252 294 63.4457 301 63.141 292 46.6207 302 40.942 191 40.0664 
298
10 300 328.624 299 295.716 301 200.643 297 148.105 302 144.192 296 136.584 303 93.1 304 69.3532 295 60.0826 294 38.5216 
299
10 298 284.047 297 154.634 296 73.2951 295 38.2179 294 25.1447 293 23.3038 188 19.8991 292 15.942 291 14.5911 185 10.1448 
300
10 298 295.352 297 87.6575 296 40.021 295 20.9275 294 15.4936 293 12.7822 187 12.6159 188 11.2085 292 9.39631 291 7.96623 
301
10 298 165.192 297 50.1021 296 21.6612 295 13.3125 187 8.03837 188 7.39363 294 7.37017 293 6.68359 292 4.85364 291 4.67208 
302
10 298 108.876 297 29.2666 296 13.7156 295 8.09498 187 5.77709 294 5.15663 293 4.96058 188 4.18831 291 3.3653 292 2.95927 
303
10 298 64.0878 297 14.3929 296 6.86483 295 4.72576 187 3.22008 188 3.15294 294 2.61101 293 2.56257 291 1.94385 292 1.66282 
304
10 298 42.7591 297 11.1656 296 5.2277 295 3.3808 187 2.33993 188 2.29638 293 1.9552 294 1.48706 291 1.3605 84 1.1629 
305
10 298 19.9942 297 4.4587 296 2.26938 295 1.93498 187 1.42149 188 1.31563 293 0.999801 294 0.873979 291 0.729138 93 0.622307 
306
10 297 2.59746 296 2.22809 295 1.70332 187 1.21037 188 1.16777 293 0.86728 294 0.794 84 0.762296 93 0.63408 291 0.591173 
307
10 309 229.19 51 64.3438 308 61.6649 52 35.7065 311 11.5738 296 2.13411 193 1.68445 295 1.34147 53 0.944137 187 0.847356 
308
10 310 311.068 49 143.047 51 138.12 50 135.84 309 120.134 52 95.9076 307 57.3342 46 52.0672 53 40.4682 38 12.0702 
309
10 307 220.545 49 197.545 50 197.458 51 194.432 311 168.87 48 152.853 308 117.707 47 113.665 310 111.956 52 103.095 
310
10 308 293.05 49 243.841 50 230.961 48 208.906 47 206.277 51 174.303 53 119.889 46 113.264 309 109.917 54 106.256 
311
10 53 249.727 52 196.673 54 190.379 55 181.358 309 166.322 57 160.917 56 152.808 49 150.665 48 141.329 58 135.208 
312
10 54 231.925 55 197.605 56 164.871 57 152.185 58 128.311 47 90.4889 59 90.3477 48 87.4099 51 86.7927 49 82.2335 
313
10 55 215.738 54 204.895 53 190.231 56 187.01 57 167.807 52 150.514 51 98.0982 47 77.4058 22 72.3685 23 72.2912 
314
10 56 175.337 55 169.268 54 137.395 53 130.631 10 74.1739 14 73.3529 9 73.0959 5 72.6025 1 72.3356 8 72.0426 
315
10 56 89.2168 55 77.4683 35 76.8584 1 69.2849 10 69.1856 20 69.1294 13 68.5912 14 68.531 4 67.673 7 67.4177 
316
10 8 62.2474 10 62.151 7 62.0768 13 62.0722 14 60.6418 6 60.2559 9 59.45 1 59.3449 0 59.0477 12 58.9692 
317
10 3 57.3255 13 53.302 14 52.0619 10 51.8975 2 51.2011 8 50.9973 0 50.7637 4 49.4143 9 49.2133 5 49.2013 
318
10 1 59.6803 5 58.7309 0 58.5367 3 56.7273 6 55.7091 7 55.5855 8 54.1444 4 54.1276 2 52.1048 209 16.1638 
319
10 2 53.8786 5 53.375 8 52.6144 1 52.0508 7 51.7946 0 51.0716 6 49.3235 3 48.5337 4 45.5133 209 18.2722 
320
10 2 46.9228 0 46.8414 1 46.6544 8 46.2857 13 44.8577 16 44.6355 12 43.5017 3 43.2901 10 43.2282 5 42.6332 
321
10 13 46.0959 12 43.0817 17 43.0107 9 42.3092 10 41.9089 14 41.5373 15 41.3659 16 41.1774 8 40.9918 7 38.1132 
322
10 13 43.9568 14 40.6871 17 40.4833 15 40.3557 12 39.7006 16 38.55 19 37.6653 8 37.4452 10 37.247 18 37.0597 
323
10 0 41.205 12 41.1537 13 41.1464 8 40.3249 2 39.7908 10 39.6613 14 39.6166 16 39.4008 1 39.3468 6 38.7965 
