504
0
10 10 243.616 9 235.253 11 230.08 8 206.745 12 199.361 13 183.446 14 169.289 7 161.098 15 160.14 16 131.199 
1
10 9 241.413 10 232.418 11 228.17 8 222.588 12 209 13 184.401 14 177.524 15 166.531 7 162.892 16 139.827 
2
10 9 234.175 11 229.281 10 223.232 8 210.456 12 200.851 13 196.672 14 183.456 17 140.818 7 137.509 19 132.053 
3
10 10 243.887 11 242.443 9 224.852 12 208.999 13 206.196 15 185.116 8 182.726 16 161.063 17 152.783 18 139.825 
4
10 10 275.392 11 268.045 9 252.878 13 243.099 14 214.715 15 204.399 16 177.549 17 161.898 18 159.463 8 157.299 
5
10 11 302.536 10 297.115 12 256.917 13 245.552 14 223.052 9 217.204 15 211.474 16 183.753 17 169.429 18 165.187 
6
10 11 381.794 12 332.605 13 330.276 10 324.234 14 301.629 15 277.499 16 248.112 17 232.202 18 221.253 19 205.314 
7
10 11 439.775 12 408.805 13 386.585 14 361.782 15 340.415 10 326.198 16 300.943 17 279.502 18 268.35 19 249.154 
8
10 13 482.997 12 461.628 14 447.187 15 409.506 11 402.504 16 366.822 17 332.322 19 310.79 18 310.018 20 255.822 
9
10 13 612.726 14 575.395 15 524.874 12 519.447 16 440.937 19 416.688 17 413.821 18 389.391 20 340.398 21 292.304 
10
10 14 633.606 15 593.658 13 568.443 16 539.061 17 477.135 19 458.521 18 450.669 20 413.035 21 354.812 7 313.846 
11
10 15 619.59 16 559.696 14 545.697 17 544.216 19 534.632 18 515.613 20 473.178 7 424.926 21 416.416 8 396.045 
12
10 19 633.104 18 606.437 17 601.439 16 594.503 20 561.334 9 517.567 15 507.315 21 495.985 8 456.081 7 395.368 
13
10 19 735.596 18 694.395 20 626.896 9 611.184 17 596.63 10 569.703 21 551.507 25 484.389 24 482.118 8 477.979 
14
10 19 698.608 20 645.725 10 634.596 21 593.918 9 573.861 25 548.73 11 545.961 24 532.434 22 511.144 18 498.379 
15
10 11 621.568 20 608.4 10 596.272 25 588.587 24 580.55 21 579.412 9 524.879 12 508.821 22 501.233 26 482.813 
16
10 12 597.466 24 594.438 25 583.99 11 562.516 10 542.295 21 534.132 23 502.866 22 498.455 26 494.067 20 455.126 
17
10 12 606.506 25 602.761 13 601.653 24 596.499 11 548.707 26 503.451 10 481.517 23 476.474 21 464.259 22 463.91 
18
10 13 701.972 25 651.675 24 630.006 12 613.361 26 534.422 11 521.409 14 504.417 23 479.414 22 458.451 10 456.15 
19
10 25 749.153 13 744.753 14 707.18 24 656.828 12 641.737 26 593.436 11 541.58 23 512.07 15 469.317 10 464.846 
20
10 25 680.79 24 659.348 14 656.089 13 638.772 15 613.812 12 572.397 26 525.883 11 481.465 16 457.419 10 419.371 
21
10 25 632.035 14 605.902 15 586.737 13 563.343 26 547.308 16 538.883 12 506.679 24 465.192 17 465.137 11 423.959 
22
10 26 539.537 14 520.013 15 506.986 16 503.228 17 463.385 13 462.057 25 461.863 18 453.206 32 403.729 27 399.563 
23
10 16 507.786 19 503.903 17 476.837 18 475.77 15 472.719 14 466.869 26 463.153 32 456.505 27 431.909 33 430.284 
24
10 20 664.411 19 658.637 18 634.251 16 602.442 17 602.235 30 593.182 31 592.867 15 587.935 28 547.42 27 547.339 
25
10 19 751.335 30 706.535 31 694.787 20 679.382 18 654.904 21 630.243 29 611.451 17 608.454 15 595.742 16 591.529 
26
10 19 583.615 29 558.555 21 539.032 22 538.424 18 526.148 20 516.397 17 496.775 16 489.02 32 485.152 15 478.914 
27
10 31 616.694 30 545.407 24 533.073 32 442.808 23 425.667 33 391.93 22 390.472 19 383.234 21 380.466 18 376.22 
28
10 24 529.714 25 520.184 31 488.803 32 432.049 33 399.914 38 382.321 36 374.197 34 362.55 37 358.129 23 357.111 
29
10 25 585.239 26 533.515 24 522.755 33 458.255 36 422.55 37 421.966 32 419.543 34 418.843 38 413.36 35 373.213 
30
10 25 687.136 36 612.981 24 583.017 37 581.108 27 550.302 33 449.768 38 424.405 23 399.12 19 397.733 22 381.004 
31
10 36 827.77 35 694.893 25 676.62 37 639.699 27 611.983 24 582.385 34 505.07 28 494.806 42 451.301 38 441.86 
32
10 35 760.634 36 647.253 24 528.989 37 493.354 25 487.955 26 464.469 23 452.611 27 428.747 28 422.782 29 417.219 
33
10 36 521.58 37 485.936 24 460.718 44 445.771 29 441.647 30 431.277 23 428.231 25 422.645 26 406.463 43 404.18 
34
10 44 509.298 31 489.713 37 457.862 45 448.605 43 439.429 42 433.932 24 422.195 29 398.512 46 388.851 23 378.195 
35
10 32 759.412 31 681.213 44 521.936 43 500.565 42 473.551 45 461.685 46 440.781 41 412.237 38 408.212 39 395.663 
36
10 31 812.098 42 732.03 41 663.435 40 645.443 43 642.687 32 642.282 30 595.343 39 568.56 33 527.798 44 510.262 
37
10 41 697.562 42 658.576 31 618.077 40 598.763 43 575.598 30 556.578 33 486.948 32 483.786 34 460.722 44 431.517 
38
10 42 649.017 43 580.003 41 578.474 44 475.495 45 437.12 31 420.246 46 412.954 35 403.212 30 395.092 29 383.363 
39
10 36 547.531 42 544.605 46 419.915 35 387.556 31 365.84 29 339.178 30 334.157 34 326.237 28 304.736 33 302.536 
40
10 36 628.816 37 577.83 43 531.426 44 521.911 45 485.555 46 468.697 35 370.439 31 344.814 47 344.202 30 322.63 
41
10 37 691.502 36 655.561 45 618.52 46 591.581 38 588.093 44 533.935 47 441.608 35 411.985 48 399.853 31 381.724 
42
10 36 730.214 46 728.598 37 656.023 38 653.502 48 646.565 47 640.575 45 587.813 39 560.111 35 476.262 49 455.713 
43
10 47 746.392 46 737.546 48 690.028 36 641.402 38 577.272 37 571.061 40 537.217 35 509.594 49 485.852 34 448.407 
44
10 48 571.918 35 542.755 34 532.355 47 530.337 41 525.906 40 518.326 36 509.675 38 467.502 33 465.85 49 431.227 
45
10 41 609.2 42 576.486 48 538.456 40 482.569 35 482.366 49 473.036 34 471.504 36 459.255 38 431.081 33 422.57 
46
10 43 739.719 42 727.075 41 588.797 49 526.965 40 468.674 35 463.336 36 451.972 39 421.688 38 409.968 34 408.752 
47
10 43 758.683 42 645.234 44 548.328 41 439.943 50 383.712 49 353.594 40 341.259 51 333.667 36 331.819 39 296.439 
48
10 43 700.907 42 657.511 44 586.51 45 556.72 51 412.419 41 402.569 46 334.549 36 304.932 40 304.713 52 287.74 
49
10 46 530.873 43 488.949 45 479.573 42 456.97 44 434.479 47 355.288 41 335.37 52 308.048 53 303.375 51 284.209 
50
10 47 381.677 53 346.385 54 302.632 46 296.833 48 281.009 45 233.934 55 223.019 43 218.012 52 215.321 44 204.129 
51
10 48 406.259 47 332.553 54 324.349 49 279.353 55 277.969 53 276.53 46 259.952 56 205.853 52 198.092 45 195.217 
52
10 49 303.324 48 282.214 47 239.446 55 232.952 53 218.1 50 216.593 46 215.214 51 205.288 56 196.017 54 195.606 
53
10 50 349.218 49 302.556 51 282.781 56 250.231 48 244.745 57 237.201 52 221.708 55 193.039 47 190.912 58 181.262 
54
10 51 330.836 50 307.245 57 284.973 49 249.288 58 227.482 56 222.234 48 215.204 55 213.814 59 207.328 52 199.05 
55
10 59 298.697 51 284.295 58 249.582 61 246.92 60 246.214 62 238.524 52 238.003 57 235.538 56 228.294 50 227.353 
56
10 59 264.967 53 260.969 60 254.343 55 245.172 61 243.581 54 233.796 62 221.907 51 214.748 63 211.412 52 204.9 
57
10 61 341.629 60 323.082 54 295.839 62 294.449 63 272.733 55 256.301 53 247.29 64 232.665 65 207.866 66 205.703 
58
10 61 367.085 62 361.336 63 349.612 64 295.452 66 275.604 65 261.63 55 251.476 54 231.382 68 226.309 69 202.006 
59
10 63 581.241 62 557.807 64 508.738 66 469.93 65 449.067 68 379.973 69 317.544 55 297.912 70 294.543 56 264.772 
60
10 63 558.145 64 540.487 66 487.723 65 487.706 67 473.74 68 392.807 69 325.704 57 324.629 70 317.681 62 297.573 
61
10 66 557.257 64 556.525 65 555.331 67 505.937 68 396.353 58 373.157 57 345.2 70 311.982 69 309.978 63 296.719 
62
10 67 629.247 59 567.75 65 494.336 68 440.579 58 368.872 69 330.571 70 328.861 76 314.376 60 301.779 71 300.165 
63
10 59 590.498 60 564.043 67 480.616 68 385.211 66 380.995 58 355.985 71 307.402 61 299.388 76 290.417 72 282.435 
64
10 61 557.92 60 544.055 59 516.468 71 336.982 77 323.057 76 320.47 72 302.264 58 300.471 78 287.167 73 270.222 
65
10 61 566.406 62 501.79 60 498.286 59 461.665 71 342.023 76 331.712 77 326.507 72 315.975 78 295.823 73 288.272 
66
10 61 584.321 60 512.189 59 494.459 76 398.359 63 397.062 77 357.032 72 352.626 73 349.931 71 347.675 74 337.562 
67
10 62 668.157 61 541.596 60 509.189 63 507.846 76 489.219 73 393.197 74 390.266 72 381.024 75 378.91 77 363.282 
68
10 75 521.296 74 490.954 62 473.007 60 431.742 73 430.681 61 429.368 59 420.813 63 410.707 76 398.32 72 365.722 
69
10 75 484.243 74 459.469 60 366.063 59 358.909 62 358.303 83 344.202 61 340.476 81 338.477 76 335.782 72 319.74 
70
10 75 442.763 74 387.116 83 361.961 81 361.245 60 358.214 62 353.063 84 345.175 61 342.392 76 340.979 59 332.038 
71
10 75 465.795 76 406.963 82 405.787 83 399.967 81 399.745 74 375.684 64 371.459 65 368.616 66 363.506 84 362.583 
72
10 82 471.534 83 461.212 81 441.634 76 419.203 84 399.31 75 398.379 67 393.608 68 376.214 66 372.086 86 356.04 
73
10 83 496.145 81 485.403 68 447.901 84 414.977 67 411.808 87 383.564 80 375.148 86 374.701 66 374.247 77 371.347 
74
10 82 519.482 68 512.767 83 509.806 81 505.985 69 475.292 88 427.747 87 427.258 80 420.995 84 413.451 89 411.322 
75
10 68 542.442 69 492.915 71 470.343 82 453.167 70 447.664 80 446.767 83 420.957 79 416.689 72 401.564 67 395.648 
76
10 81 561.958 80 545.561 82 522.723 67 507.139 83 490.014 72 421.493 66 418.221 71 410.288 68 406.202 79 387.176 
77
10 82 452.618 83 438.562 81 409.464 67 365.03 66 364.236 73 363.257 72 350.925 64 342.649 74 341.529 65 341.486 
78
10 83 379.024 74 372.242 87 358.142 88 346.828 73 336.482 67 331.392 89 329.537 66 319.628 75 319.304 82 316.659 
79
10 75 413.882 74 393.105 76 384.903 87 381.667 88 377.779 89 353.653 90 349.548 73 326.078 66 303.58 67 303.073 
80
10 76 558.878 75 457.825 90 446.797 88 441.838 87 431.241 74 429.298 89 426.014 73 380.754 67 365.619 72 346.896 
81
10 76 580.582 74 523.479 73 501.478 90 488.251 89 481.935 88 463.205 72 457.984 77 427.487 71 416.475 87 394.052 
82
10 74 549.632 76 546.653 89 501.589 72 501.324 77 478.619 75 477.941 88 455.121 71 433.714 91 411.698 68 357.341 
83
10 90 555.518 74 549.224 73 536.898 76 517.659 89 510.964 72 501.215 77 469.573 75 450.487 88 439.594 71 437.42 
84
10 90 466.46 73 462.159 74 457.89 72 446.469 71 406.921 76 401.45 70 390.802 91 358.567 75 352.827 69 348.192 
85
10 90 347.882 72 339.267 73 331.049 74 325.489 91 313.49 71 290.522 70 279.926 98 279.696 100 279.579 89 278.652 
86
10 74 445.48 90 434.046 73 430.314 72 408.004 71 381.79 98 379.602 76 374.811 91 370.62 75 364.902 99 356.236 
87
10 74 487.579 98 471.724 80 460.33 73 438.111 99 435.648 79 420.011 75 412.797 81 412.551 72 402.307 78 397.059 
88
10 81 488.249 74 486.19 98 482.276 82 476.023 80 473.105 83 455.933 99 436.087 75 432.47 73 416.214 79 412.609 
89
10 83 532.394 82 526.938 81 511.398 98 503.005 74 467.494 80 456.641 99 452.939 95 415.964 73 411.344 96 407.436 
90
10 83 577.549 98 522.985 81 521.042 84 482.673 80 482.397 95 478.479 96 461.388 99 445.97 86 443.168 97 434.464 
91
10 95 628.049 96 601.781 97 547.553 94 522.59 83 427.144 82 426.85 81 409.751 86 370.368 87 368.741 84 363.543 
92
10 96 656.755 97 578.945 95 578.71 94 391.099 98 364.512 87 350.019 88 333.358 82 298.294 83 293.169 78 290.461 
93
10 96 606.399 97 604.475 95 462.73 98 384.482 88 353.329 87 333.801 89 328.195 99 283.68 90 276.056 78 272.758 
94
10 97 570.053 91 524.286 96 493.924 90 415.91 92 383.738 98 370.967 89 360.648 88 352.883 99 328.97 87 304.209 
95
10 91 628.266 92 566.052 90 482.264 93 445.877 97 426.609 89 416.364 88 393.883 87 358.801 102 339.623 83 322.591 
96
10 92 652.463 91 607.568 93 596.82 94 487.73 90 468.179 89 409.683 88 367.841 102 357.19 108 352.674 87 349.959 
97
10 93 596.48 92 574.376 94 560.694 91 553.894 90 446.697 95 422.457 89 408.293 107 404.661 109 398.132 108 376.993 
98
10 90 546.373 89 525.728 88 503.304 87 494.255 102 482.681 104 456.421 103 448.937 105 430.071 106 409.079 86 401.08 
99
10 104 527.338 105 526.798 89 475.742 90 469.328 106 466.724 87 459.308 88 457.12 103 419.493 86 381.251 83 378.079 
100
10 105 489 106 479.346 104 423.981 89 406.64 90 398.319 107 382.114 86 369.782 84 352.959 108 344.797 109 328.978 
101
10 106 440.061 105 385.517 107 381.143 108 326.915 118 325.634 109 306.953 119 305.809 110 294.13 96 292.528 121 292.326 
102
10 98 472.529 89 360.942 96 360.548 106 358.023 90 348.881 88 347.627 95 347.356 97 347.266 87 342.545 121 322.595 
103
10 98 444.028 99 415.549 97 323.739 121 316.244 96 299.796 120 290.887 119 277.115 95 266.644 100 263.911 118 254.871 
104
10 99 523.865 98 452.957 100 424.486 121 325.044 97 307.716 96 281.497 122 272.826 120 268.158 95 256.032 123 247.504 
105
10 99 523.438 100 487.755 98 428.082 101 387.924 121 312.939 97 293.294 122 281.615 96 265.532 120 261.149 119 254.533 
106
10 100 479.356 99 462.707 101 444.45 98 407.809 102 360.961 97 335.605 121 308.433 119 291.28 96 287.544 120 284.786 
107
10 97 396.019 101 386.505 100 382.224 99 363.821 98 344.892 96 335.733 95 294.042 102 288.3 118 279.06 121 278.397 
108
10 97 372.547 116 364.398 99 352.606 96 350.889 100 348.142 115 346.081 101 335.833 98 333.249 95 315.907 117 301.385 
109
10 97 402.793 99 354.304 116 351.684 98 348.719 96 342.848 100 340.42 115 324.485 117 324.358 101 322.978 95 302.62 
110
10 116 396.354 97 384.171 115 351.032 117 344.147 99 341.64 98 337.333 100 324.394 118 320.144 96 315.472 101 313.457 
111
10 115 479.004 114 447.529 116 420.646 113 378.684 117 331.601 97 304.371 101 303.108 100 300.495 118 300.183 119 285.22 
112
10 114 592.38 117 350.682 118 300.017 119 285.2 109 263.028 121 257.451 102 256.516 100 246.729 99 233.816 122 225.94 
113
10 115 545.133 116 414.002 111 409.986 117 333.767 110 309.836 119 305.616 108 288.518 120 277.958 101 277.086 121 276.506 
114
10 112 605.629 111 480.153 116 366.531 119 311.816 108 308.884 110 295.175 120 287.608 109 285.348 117 276.727 121 276.452 
115
10 113 524.2 111 495.641 108 388.73 110 381.44 109 360.608 121 350.634 120 329.017 122 298.311 123 284.015 124 277.977 
116
10 121 438.11 111 427.535 122 424.778 110 419.446 123 400.173 108 400.022 113 395.048 109 382.372 124 373.472 125 353.132 
117
10 122 521.512 123 504.268 124 496.09 121 454.217 125 437.705 100 358.071 110 351.238 112 341.806 109 338.911 111 331.493 
118
10 124 454.524 122 436.737 123 435.143 125 414.639 121 359.69 101 357.53 100 354.855 102 329.355 110 321.034 126 308.74 
119
10 124 459.648 125 421.924 123 412.823 102 345.809 101 335.177 100 327.856 126 324.152 122 309.058 106 308.485 103 301.25 
120
10 125 428.448 124 418.377 126 355.704 102 351.488 123 323.628 103 319.647 101 318.697 100 316.976 106 301.921 115 301.68 
121
10 117 423.133 116 400.448 125 366.046 104 355.066 102 350.846 103 346.307 118 345.251 105 338.599 106 326.669 115 321.223 
122
10 117 488.045 118 419.486 116 388.904 125 329.406 105 306.044 119 300.436 104 297.656 126 295.892 106 293.245 103 273.835 
123
10 117 472.504 118 417.498 119 400.931 116 364.695 120 316.012 104 267.422 103 259.992 102 258.217 115 255.806 107 221.407 
124
10 117 462.334 119 442.514 118 432.812 120 403.917 116 338.077 121 312.284 104 252.482 105 252.143 115 249.431 106 246.901 
125
10 120 412.976 117 405.677 119 404.398 118 393.078 121 356.674 122 322.124 116 318.092 115 235.074 104 233.785 105 232.51 
126
10 120 346.667 121 318.666 119 312.115 122 298.057 118 292.854 117 291.998 116 278.149 115 236.827 106 217.053 109 187.347 
127
10 120 253.186 121 242.578 119 221.59 118 213.644 122 211.503 117 205.955 116 197.255 115 185.118 106 147.191 110 146.056 
128
10 120 243.526 121 236.412 122 208.159 117 206.713 119 205.603 118 199.716 116 179.869 115 174.209 114 138.582 107 135.132 
129
10 120 238.336 121 228.481 122 221.465 119 195.615 117 194.255 118 185.876 116 177.424 115 170.572 114 148.125 113 141.676 
130
10 120 224.213 121 221.621 122 217.178 119 184.892 118 170.885 117 164.62 116 157.764 115 149.909 114 137.014 113 124.659 
131
10 142 382.561 141 376.618 143 339.041 140 302.069 148 271.872 147 254.842 149 233.747 144 232.984 150 209.24 146 143.184 
132
10 142 452.937 141 417.526 143 400.368 140 328.506 148 326.767 147 310.579 144 282.287 149 277.638 150 250.607 146 186.603 
133
10 142 586.706 143 558.088 141 510.082 144 502.011 147 449.223 150 435.717 146 402.551 148 389.302 149 382.971 145 378.254 
134
10 144 674.665 146 659.608 145 624.091 143 505.559 142 499.297 150 446.37 147 423.808 153 375.846 141 372.7 149 372.32 
135
10 145 609.092 146 599.582 144 542.679 143 389.507 142 372.225 154 368.495 153 363.067 155 358.279 150 345.449 147 315.994 
136
10 145 605.228 144 502.504 153 386.22 154 371.293 155 360.784 143 323.701 142 297.131 150 288.269 151 241.456 152 235.792 
137
10 144 479.963 142 462.847 143 455.856 141 380.31 146 352.538 145 349.904 147 334.082 150 295.435 149 237.89 140 218.151 
138
10 142 587.517 143 560.445 141 484.073 144 424.39 149 287.58 145 286.927 146 286.919 148 284.829 150 282.118 140 266.292 
139
10 143 686.118 142 653.146 147 503.377 144 489.239 149 382.475 148 365.035 150 361.626 146 348.155 145 327.795 151 194.592 
140
10 147 602.593 149 453.294 148 444.773 150 417.87 146 394.679 145 347.506 133 322.986 132 318.799 131 294.003 138 264.917 
141
10 147 685.094 148 503.11 133 495.763 138 473.581 150 468.329 146 422.082 132 407.68 137 370.14 131 367.184 145 365.635 
142
10 147 773.354 139 633.426 133 567.92 149 565.767 138 556.421 150 500.237 134 483.621 132 440.23 137 434.66 146 420.745 
143
10 147 745.812 139 655.536 148 608.336 149 603.333 133 536.437 150 536.104 138 522.477 134 485.604 137 421.443 132 387.819 
144
10 134 643.689 150 558.817 135 510.853 155 507.193 133 486.318 151 472.634 136 466.136 139 465.289 154 454.776 149 454.62 
145
10 154 772.399 155 746.753 153 709.616 134 599.437 135 573.728 136 566.317 151 469.39 159 468.937 156 464.023 152 442.773 
146
10 155 786.454 154 768.203 153 682.534 134 639.164 135 572.284 160 474.419 152 440.983 142 420.804 141 417.385 161 414.825 
147
10 142 779.372 143 761.748 141 682.286 140 594.823 139 488.797 133 441.958 134 411.264 155 398.651 157 393.744 144 354.324 
148
10 143 626.325 141 514.126 140 450.307 144 435.265 133 384.665 157 373.456 156 372.408 139 363.011 155 349.022 132 333.845 
149
10 143 633.618 142 591.382 144 472.94 140 467.302 157 389.915 139 387.484 133 384.89 156 379.702 155 367.376 134 365.824 
150
10 144 589.856 143 574.652 142 532.177 156 519.757 155 497.092 141 494.885 157 476.195 134 447.052 133 446.472 154 445.813 
151
10 155 513.324 144 500.834 145 494.344 156 450.923 154 438.568 146 414.076 134 360.798 159 353.853 160 314.874 142 308.302 
152
10 155 488.785 145 457.441 146 452.647 159 373.895 160 345.566 156 336.325 161 324.569 144 284.855 162 270.476 134 250.751 
153
10 145 729.395 146 697.794 159 658.582 160 649.227 161 578.691 162 506.846 156 466.23 163 430.093 144 429.041 164 401.425 
154
10 159 880.529 160 834.981 145 786.953 146 777.455 161 764.356 162 670.537 163 577.773 158 527.515 164 516.46 144 469.765 
155
10 159 1078.11 160 1041.3 161 942.148 162 818.162 146 802.739 145 766.147 163 689.818 158 686.994 164 607.509 144 527.539 
156
10 159 979.394 160 825.869 161 740.82 162 661.525 163 563.365 158 542.41 150 529.025 145 475.956 164 474.854 144 467.563 
157
10 160 689.181 161 603.376 162 538.424 159 530.537 150 485.332 163 467.515 147 419.855 149 407.918 148 401.546 164 377.927 
158
10 161 767.129 155 686.855 162 660.586 163 569.331 160 569.155 156 543.515 154 523.749 164 500.518 165 413.155 150 393.906 
159
10 162 1112.92 155 1075.43 163 991.685 156 976.147 164 917 154 877.535 161 864.986 153 639.512 165 622.309 168 578.056 
160
10 163 1089.76 155 1036.18 164 1012.65 162 851.453 154 831.88 156 823.498 157 699.542 168 655.209 165 651.809 153 631.789 
161
10 164 1043.62 155 934.436 159 862.258 163 783.737 158 770.999 154 758.002 156 735.923 165 691.033 168 683.146 167 623.564 
162
10 159 1110.82 160 846.498 155 814.164 168 753.354 165 743.436 164 710.417 169 684.993 167 678.661 154 668.665 158 663.416 
163
10 160 1081.26 159 985.083 168 815.077 161 776.666 167 747.946 169 746.851 166 682.785 155 682.143 170 680.96 171 583.704 
164
10 161 1025.37 160 992.594 159 899.475 168 871.146 169 816.861 170 758.676 167 738.283 162 693.064 171 657.223 155 590.25 
165
10 162 711.249 161 664.519 168 655.778 160 625.117 169 620.389 159 595.758 170 543.316 163 496.305 167 481.342 171 449.818 
166
10 163 646.69 169 595.056 161 574.291 160 531.901 170 528.416 159 479.865 171 422.726 173 413.454 168 395.623 172 394.129 
167
10 164 701.374 163 698.232 162 629.591 170 608.325 161 580.92 171 548.424 172 537.033 160 533.548 159 504.748 173 503.185 
168
10 171 843.459 172 820.751 164 814.338 163 749.627 162 688.658 170 645.064 165 632.167 161 627.236 160 600.855 159 531.774 
169
10 172 928.304 171 785.094 164 740.617 163 667.275 162 608.779 165 580.002 166 569.955 160 530.687 173 477.31 159 475.068 
170
10 172 861.562 164 678.722 168 620.406 163 600.355 167 577.909 162 545.525 165 498.101 166 491.776 173 489.04 507 480.104 
171
10 168 797.608 169 762.007 164 576.42 506 512.386 167 510.266 507 505.564 163 504.96 505 477.504 162 465.315 173 464.686 
172
10 169 882.836 170 817.244 168 756.284 507 677.387 506 674.451 505 583.638 164 492.217 167 485.036 180 430.096 163 429.02 
173
10 170 452.49 169 441.352 171 437.115 167 434.747 168 408.291 175 405.47 176 398.061 507 392.997 506 372.417 177 367.939 
174
10 177 450.264 176 405.97 172 400.928 171 374.751 178 368.6 502 365.89 503 343.069 506 334.648 170 333.015 169 325.906 
175
10 503 473.016 177 447.017 502 434.988 173 391.949 501 371.682 500 352.95 178 268.903 172 247.952 499 219.849 171 201.639 
176
10 503 571.86 502 397.158 174 392.326 173 377.057 501 339.089 500 298.148 172 200.09 171 134.407 170 131.093 167 112.792 
177
10 179 466.171 174 430.359 175 419.998 502 380.205 501 352.659 173 346.208 500 343.326 499 284.367 180 243.976 172 229.593 
178
10 499 537.501 180 524.166 181 480.263 182 473.619 183 405.075 497 397.07 507 354.196 172 351.365 174 339.081 498 332.727 
179
10 182 615.802 506 598.801 181 597.465 183 590.133 507 556.406 499 501.692 177 452.575 498 448.507 505 386.395 172 355.277 
180
10 182 842.227 183 798.553 497 765.451 505 760.898 506 695.334 498 604.194 507 596.131 178 526.611 189 518.771 504 500.493 
181
10 183 781.82 505 703.865 506 628.839 179 589.934 507 549.636 190 482.983 178 473.044 504 449.405 495 417.262 488 412.354 
182
10 180 801.867 189 688.193 506 635.117 505 623.642 179 580.278 190 559.377 188 524.734 488 523.945 489 520.673 507 520.501 
183
10 189 876.569 180 753.155 190 744.629 181 738.398 489 679.021 488 670.971 191 651.065 188 589.976 487 567.676 192 550.546 
184
10 189 328.668 499 321.034 190 295.822 191 285.305 490 257.87 187 253.926 188 250.454 488 246.504 489 237.787 181 227.809 
185
10 500 181.432 499 178.71 501 124.113 190 116.765 502 108.572 216 107.846 174 101.731 217 96.7325 175 93.4762 215 91.7249 
186
10 500 371.57 499 317.157 501 279.054 502 239.357 187 226.687 191 192.878 189 188.627 503 184.221 190 176.791 491 166.102 
187
10 499 294.706 500 276.555 184 241.024 191 222.76 186 214.842 190 207.185 501 201.4 502 166.566 479 162.409 478 161.246 
188
10 191 741.467 192 587.462 488 573.466 489 572.449 183 557.667 490 499.879 487 497.162 182 493.294 193 454.362 497 425.036 
189
10 191 1257.63 192 1033.37 488 1006.89 489 905.659 487 852.501 183 822.568 193 723.134 182 636.809 486 595.287 497 588.485 
190
10 192 1170.47 488 1038.49 487 893.787 193 881.705 489 705.621 183 683.8 194 669.814 486 644.117 182 507.643 485 497.835 
191
10 189 1203.5 488 1131.89 193 1023.89 489 953.024 487 948.568 194 843.311 188 699.737 486 632.989 490 604.198 183 581.468 
192
10 488 1132.79 190 1122.11 489 1108.69 189 969.864 194 933.784 487 913.615 490 681.572 195 655.105 486 623.84 188 545.446 
193
10 191 982.18 489 837.463 190 828.322 488 826.368 195 817.058 189 664.067 487 658.782 490 643.646 486 499.654 194 456.567 
194
10 192 880.052 191 796.142 190 617.759 488 573.811 489 554.831 490 520.061 196 505.948 189 502.42 195 473.535 487 439.924 
195
10 193 764.701 192 605.051 191 529.281 202 471.343 203 456.014 194 455.266 204 406.838 190 396.065 205 327.973 189 314.708 
196
10 202 496.86 194 474.019 203 397.878 193 362.943 204 307.965 195 264.805 191 261.813 205 223.244 190 188.883 206 160.258 
197
10 201 502.542 200 495.383 199 325.948 202 207.931 216 205.031 198 200.584 217 194.441 215 176.712 195 131.614 218 108.167 
198
10 201 316.684 197 190.677 216 188.41 215 172.983 217 171.338 200 147.522 184 102.622 494 88.932 218 88.4147 196 85.7568 
199
10 197 301.018 215 134.122 216 120.513 217 113.089 201 77.543 213 71.9932 184 52.4353 214 44.8772 494 42.2574 212 38.2587 
200
10 197 442.089 198 136.694 213 67.1377 196 51.3257 209 42.8168 210 35.1868 208 35.1556 207 23.7089 214 19.9565 199 17.5206 
201
10 197 437.41 198 287.802 196 128.993 208 120.593 207 115.235 209 102.137 199 71.7495 206 48.2553 203 45.8305 210 44.8721 
202
10 196 444.276 195 429.803 194 303.725 193 224.259 208 201.583 207 200.584 192 195.465 197 184.492 191 161.896 206 145.939 
203
10 195 413.823 194 382.84 196 358.412 193 313.301 192 285.391 191 234.651 190 161.868 488 144.927 489 131.943 189 120.649 
204
10 195 361.82 194 334.536 193 295.814 196 268.288 191 199.381 190 136.193 488 123.44 489 122.505 487 99.6709 189 99.3059 
205
10 195 292.895 194 290.151 193 258.861 196 194.092 191 181.271 190 128.593 488 125.077 489 117.072 487 100.796 189 87.7369 
206
10 195 200.977 194 174.512 193 158.751 202 146.709 196 142.279 191 103.471 190 73.8212 488 63.3547 487 52.8695 201 51.0254 
207
10 202 213.112 201 124.931 195 82.2795 209 77.8922 194 60.2669 193 45.6664 196 41.102 191 33.5383 200 26.363 488 22.8092 
208
10 202 212.952 210 209.364 201 133.163 212 113.758 211 93.3176 226 41.5243 200 39.3795 209 34.8181 195 34.7268 203 20.5696 
209
10 212 292.513 211 277.292 210 169.381 202 127.851 201 112.1 213 95.6949 207 82.9169 200 46.6046 226 38.4948 208 35.4865 
210
10 211 354.901 212 326.938 208 212.002 209 174.531 213 86.0652 201 46.239 226 38.0209 200 35.9825 231 25.4183 451 20.917 
211
10 212 386.275 210 365.493 209 291.842 208 96.8002 231 37.0411 226 36.224 213 28.7394 451 27.4205 232 23.1709 201 6.26472 
212
10 211 378.562 210 332.707 209 305.287 213 281.955 214 148.599 208 116.779 231 44.9398 226 42.172 232 34.5941 201 26.9376 
213
10 214 1052.68 215 598.612 212 310.573 216 121.005 209 99.076 210 89.0638 200 54.598 198 51.5661 199 50.4925 211 28.8105 
214
10 213 1077.05 215 1065.17 216 422.811 212 161.505 217 132.892 218 73.6412 226 59.3412 199 34.7167 198 27.8794 219 23.1841 
215
10 214 1040.64 216 642.812 213 602.519 218 363.18 217 310.794 219 237.131 226 160.136 197 149.335 198 143.557 199 118.796 
216
10 215 619.393 218 489.207 219 487.029 214 407.433 217 401.547 220 231.147 197 177.102 198 160.148 213 120.212 199 109.085 
217
10 219 639.472 216 390.971 218 366.273 220 318.225 215 300.696 197 162.814 198 141.302 214 133.793 225 108.966 221 102.945 
218
10 216 479.402 220 437.324 219 410.916 217 371.006 215 345.99 221 239.755 223 225.373 225 203.285 224 202.714 222 198.978 
219
10 217 644.802 216 475.248 218 421.666 223 342.39 222 320.536 224 309.51 225 287.462 215 225.941 221 218.736 234 134.318 
220
10 218 456.847 225 412.698 224 404.393 223 362.197 217 327.71 216 229.343 234 207.178 235 188.396 222 178.293 236 149.291 
221
10 224 604.162 225 591 235 289.252 234 257.228 218 247.945 219 229.846 236 203.86 223 201.234 237 135.26 217 104.568 
222
10 225 570.353 219 338.274 235 289.508 234 268.796 218 206.893 236 204.284 220 192.328 237 128.588 205 93.2529 238 87.0935 
223
10 220 384.502 219 356.543 235 257.622 234 237.486 225 229.568 218 228.404 221 207.123 236 184.541 237 125.012 238 84.8785 
224
10 221 631.4 220 428.748 219 326.596 235 235.151 234 216.061 218 211.146 236 159.773 237 105.199 203 85.0352 205 81.3047 
225
10 221 621.199 222 596.378 220 440.593 219 308.887 223 236.695 218 216.727 234 192.108 235 181.107 236 122.296 217 116.761 
226
10 229 545.153 230 482.561 231 330.191 215 258.933 232 240.012 233 158.929 219 111.561 214 102.85 227 81.0052 212 78.7862 
227
10 229 1023.81 230 780.662 228 746.204 231 507.662 232 359.97 233 148.682 226 80.2571 219 53.4612 220 39.7766 234 25.1865 
228
10 229 1111.32 230 991.82 227 738.605 231 659.812 232 439.351 233 164.339 234 19.7698 241 14.1878 220 9.17746 240 8.96425 
229
10 230 1185.66 228 1128.52 227 1030.3 231 867.936 232 611.04 226 556.065 233 251.646 234 18.2045 225 4.90779 245 4.82504 
230
10 229 1208.54 231 1101.99 228 1021.49 232 925.975 227 797.644 226 491.285 233 459.272 234 28.1436 241 19.3782 242 19.2505 
231
10 230 1122.61 232 927.71 229 890.308 228 678.52 233 635.16 227 520.028 226 338.825 212 88.8726 211 73.2742 219 53.102 
232
10 230 949.632 231 942.661 229 626.467 233 600.162 228 450.974 227 365.97 226 244.047 234 147.414 212 68.3263 219 56.1849 
233
10 231 628.305 232 586.557 230 465.71 235 261.436 229 254.93 228 167.019 234 158.71 226 157.594 236 150.741 227 148.765 
234
10 236 672.423 237 548.051 238 434.494 235 359.939 239 359.679 222 272.494 221 262.979 223 237.922 224 214.368 220 209.556 
235
10 237 945.974 238 744.152 236 544.463 239 518.052 234 362.36 221 298.45 222 295.671 223 262.021 233 259.804 224 236.1 
236
10 238 855 234 680.773 239 607.427 235 544.259 237 409.667 221 208.813 222 206.604 223 187.473 240 179.878 224 160.156 
237
10 235 943.307 239 735.407 234 555.012 236 408.373 238 404.208 240 232.181 221 137.719 233 134.239 222 128.888 223 126.642 
238
10 236 864.172 235 752.952 234 446.969 237 410.486 240 366.811 239 300.549 233 114.196 221 93.6386 222 87.9722 220 87.917 
239
10 237 750.985 236 618.781 235 527.984 234 371.69 238 304.487 241 228.932 240 170.72 233 101.45 249 71.9089 250 64.3147 
240
10 242 428.703 243 380.743 238 370.915 241 358.726 244 299.071 237 238.07 236 184.076 239 170.136 235 146.829 245 136.236 
241
10 243 854.967 242 756.318 244 716.286 240 363.953 245 354.205 246 258.775 239 228.512 247 136.161 238 81.0855 234 29.4901 
242
10 244 971.123 241 742.804 243 727.256 245 504.63 240 424.075 246 384.862 247 193.077 239 52.1426 230 19.6962 231 19.1203 
243
10 244 946.472 241 838.963 242 724.875 245 709.545 246 679.395 240 381.82 247 350.291 248 34.8853 239 22.4379 231 17.5838 
244
10 242 945.377 243 944.592 246 822.073 241 698.866 245 582.342 247 466.823 240 299.58 248 45.7515 231 23.6366 233 18.7537 
245
10 243 714.269 244 576.279 247 536.744 242 495.972 241 345.885 240 137.967 248 69.8605 230 23.1571 231 21.0445 259 14.384 
246
10 244 803.967 243 672.033 242 378.66 247 339.386 241 255.561 240 111.31 248 27.7969 258 19.1856 260 18.8916 230 16.8897 
247
10 245 510.358 244 434.535 243 327.457 246 326.31 242 180.098 241 126.071 240 63.0373 248 16.9035 259 10.9298 230 9.95068 
248
10 245 67.4306 244 42.3835 243 33.4324 246 27.0299 247 16.1415 242 15.6797 250 13.4776 249 10.6403 241 9.88404 251 9.16448 
249
10 251 290.038 254 178.826 252 162.195 253 154.751 250 122.754 261 74.1384 262 73.3594 263 72.3252 239 67.5335 238 60.178 
250
10 254 269.575 252 251.409 253 243.643 251 183.877 249 125.328 261 116.715 263 112.592 262 102.568 264 92.8558 265 79.8219 
251
10 254 307.615 249 294.984 253 291.616 250 181.762 263 121.144 252 118.438 261 114.029 262 105.311 264 102.873 255 83.8687 
252
10 254 283.386 250 247.067 249 165.659 253 134.466 251 117.494 263 102.236 264 79.8476 262 74.5518 266 66.5686 261 61.5268 
253
10 251 287.742 250 239.079 249 158.216 263 135.896 252 132.276 254 119.578 264 109.29 266 99.1021 265 97.1496 262 94.6278 
254
10 263 334.6 251 299.002 252 272.876 264 271.49 262 267.63 261 261.568 250 260.303 265 253.888 266 216.114 249 177.824 
255
10 262 318.672 261 271.336 263 262.788 265 210.873 266 204.015 264 184.38 267 123.476 251 80.0372 268 68.2685 250 67.2375 
256
10 262 122.313 261 107.639 263 68.8556 266 40.8854 265 24.3892 264 17.3633 254 14.3935 240 11.8519 241 11.7599 274 10.9836 
257
10 261 87.2509 262 64.0547 267 46.4102 269 31.9639 243 10.2855 260 7.85292 259 7.45939 244 7.44635 242 6.89931 357 4.31474 
258
10 261 98.5057 262 61.0725 268 54.8846 267 34.7841 269 33.3314 246 19.9844 245 13.7435 244 13.4376 243 10.2903 260 10.139 
259
10 261 132.534 262 93.8867 268 74.6933 267 66.8636 263 41.766 269 36.7032 266 20.0825 246 18.0789 245 14.8411 244 13.0882 
260
10 262 342.483 263 267.24 267 230.154 261 179.626 266 179.213 268 162.078 265 152.341 264 149.817 367 48.8854 269 47.9731 
261
10 263 720.377 265 571.692 266 545.572 267 416.881 262 400.972 255 265.962 254 254.948 268 218.396 260 178.651 259 131.944 
262
10 264 733.579 265 706.027 266 685.574 267 477.628 261 404.042 260 346.985 255 314.672 254 262.357 263 259.604 268 256.787 
263
10 265 864.286 266 849.287 261 705.794 267 475.446 254 322.855 264 282.479 260 263.145 255 252.394 262 251.387 268 236.291 
264
10 266 869.274 262 692.811 265 406.587 267 373.091 263 272.989 254 256.953 255 170.042 260 141.876 268 132.299 279 128.692 
265
10 263 811.541 262 642.954 261 524.265 266 497.736 267 478.814 264 396.036 254 228.217 268 217.599 255 183.784 279 172.281 
266
10 264 812.473 263 768.755 262 599.224 265 481.905 261 479.619 268 365.363 267 336.512 279 215.512 254 182.667 280 177.535 
267
10 265 452.95 268 446.898 263 422.027 262 406.196 261 353.284 264 343.561 266 326.607 269 225.355 260 187.942 367 144.662 
268
10 267 428.933 266 343.069 269 292.838 277 275.678 262 213.429 263 206.196 275 205.654 355 203.045 265 201.288 274 199.151 
269
10 275 446.479 276 404.589 274 401.598 277 289.986 268 288.307 356 222.145 267 216.067 355 160.796 357 144.942 278 144.477 
270
10 268 22.5942 355 21.2557 277 20.0293 276 13.7148 356 13.3581 269 10.5703 278 10.5015 275 10.3024 267 8.41911 357 8.25903 
271
10 268 7.71263 355 6.86756 270 4.08843 277 2.36726 356 1.90466 267 1.61215 278 1.33233 284 0.909623 285 0.790911 287 0.721564 
272
10 269 27.6779 355 8.09524 285 6.7001 357 6.32653 286 4.9896 287 4.54281 356 4.47953 296 3.98059 270 3.82324 267 2.75919 
273
10 269 114.892 357 70.7119 356 70.5994 285 58.4935 268 51.7973 286 49.1371 287 48.3495 355 43.8956 288 40.7077 277 25.1766 
274
10 269 443.543 357 341.956 356 324.608 268 217.243 355 174.789 285 152.761 277 141.73 286 117.716 354 109.169 287 99.0565 
275
10 269 500.591 356 416.639 268 226.396 285 187.732 286 142.917 287 116.696 354 113.896 267 95.5497 288 92.8178 277 88.6962 
276
10 269 465.902 356 368.761 357 295.504 358 243.137 355 227.308 285 206.871 268 197.416 286 149.864 354 136.47 287 120.85 
277
10 355 349.309 269 320.25 268 294.296 356 287.875 354 277.277 353 241.527 357 230.767 285 209.72 367 193.21 358 188.17 
278
10 353 347.391 354 332.789 283 311.538 352 308.382 282 265.925 281 232.464 280 183.681 349 171.133 356 159.872 268 159.139 
279
10 353 691.066 352 667.072 281 515.961 282 497.862 349 476.676 350 453.311 283 371.252 348 340.692 284 219.628 266 214.71 
280
10 352 760.707 351 708.352 282 497.435 283 375.884 348 325.263 278 187.725 266 179.889 347 147.819 294 139.129 265 138.111 
281
10 351 711.241 350 707.163 349 588.779 279 519.303 352 385.735 348 345.133 283 317.256 278 228.251 294 171.642 347 159.596 
282
10 350 535.618 279 500.351 280 500.076 349 499.737 351 411.976 348 324.751 354 281.052 278 262.927 347 162.207 355 145.224 
283
10 354 428.062 280 383.752 279 377.309 353 360.149 349 357.028 281 324.803 350 323.086 278 317.041 348 273.054 355 242.896 
284
10 287 487.947 354 480.363 286 473.91 355 375.785 288 327.954 347 323.287 346 315.338 353 312.833 348 244.486 279 232.189 
285
10 287 585.278 286 554.319 288 408.136 346 319.362 276 270.997 355 269.704 344 268.946 275 263.138 277 258.707 354 258.571 
286
10 285 583.702 284 529.234 288 428.174 287 364.945 289 292.008 344 248.168 277 226.377 346 218.719 354 210.654 275 210.143 
287
10 285 655.651 284 570.75 288 452.571 286 403.647 289 395.087 290 320.011 354 253.538 353 220.801 277 217.022 291 192.872 
288
10 289 589.916 287 524.06 346 520.408 286 495.404 285 478.909 284 398.092 347 380.366 290 344.41 291 302.339 348 270.727 
289
10 346 728.719 288 674.899 344 646.553 345 520.639 347 482.231 287 476.214 286 343.67 348 318.38 291 317.749 285 285.886 
290
10 347 596.514 346 596.156 348 444.832 288 391.284 287 363.732 349 320.694 289 297.635 344 296.267 291 234.284 286 202.664 
291
10 347 424.545 348 377.789 289 344.227 288 335.488 349 277.362 290 245.162 287 218.714 344 170.039 350 157.337 352 155.006 
292
10 348 343.749 347 283.316 349 268.379 346 221.837 289 214.275 290 208.72 288 185.92 350 178.11 296 164.194 352 161.672 
293
10 348 226.588 349 204.91 296 190.312 290 190.158 347 165.536 350 143.588 352 123.109 289 120.938 351 116.214 346 108.458 
294
10 349 416.148 350 406.834 351 332.303 352 288.555 348 271.554 296 251.733 281 226.608 353 194.352 280 181.773 282 177.227 
295
10 350 329.308 349 322.893 351 269.879 352 232.706 348 193.395 281 181.764 353 158.867 282 158.77 280 142.77 291 125.77 
296
10 294 265.616 293 206.171 292 181.061 349 158.461 350 134.207 348 129.539 351 119.074 291 113.887 352 111.084 282 89.6831 
297
10 299 188.873 346 96.5472 292 92.635 300 89.1963 347 84.8889 345 77.3515 298 72.2705 344 70.2569 293 65.3269 310 54.6454 
298
10 300 113.086 292 87.4526 297 77.2913 345 70.6503 344 63.3429 299 61.5538 310 56.9942 293 55.8734 301 46.4916 311 44.2714 
299
10 297 204.95 301 167.236 288 118.544 289 111.598 287 110.621 286 109.223 356 93.4785 291 92.053 290 86.1359 285 78.8377 
300
10 302 121.674 298 119.495 297 91.878 299 76.9728 310 64.9955 291 55.0486 290 47.7474 309 44.2638 289 44.0158 307 37.585 
301
10 299 183.101 310 98.346 309 74.5515 307 70.2155 313 53.4366 298 52.2357 302 34.9353 305 25.4335 312 23.0756 306 23.0141 
302
10 300 126.585 301 35.2012 310 32.8986 305 27.2588 313 25.694 307 23.9899 306 21.7172 299 21.5618 309 12.835 314 11.8848 
303
10 295 75.6994 294 74.1619 296 51.7314 293 39.4129 320 25.1053 292 23.5075 301 21.6006 318 20.8368 321 15.0402 300 14.8769 
304
10 295 84.4574 294 81.4954 296 55.4179 293 43.0356 320 37.3534 318 28.9016 292 25.0434 321 24.1777 322 19.5593 349 17.6467 
305
10 296 94.048 295 76.8533 294 67.2292 288 62.5709 316 61.6522 315 49.5976 318 46.8568 312 44.9462 313 42.0822 297 42.0119 
306
10 297 48.5804 311 45.636 313 44.0624 312 43.4132 310 42.8678 314 36.2913 316 34.2441 296 30.9924 315 30.2655 298 29.6892 
307
10 309 202.941 310 165.055 311 121.974 313 108.491 314 95.5688 315 86.3088 312 79.2485 301 71.2301 316 67.2079 318 65.0572 
308
10 310 301.468 311 229.925 313 177.778 315 145.042 314 136.072 312 133.439 309 130.661 316 121.484 318 106.864 325 34.6325 
309
10 311 267.692 313 263.326 307 223.686 312 206.203 315 195.2 314 190.158 316 145.487 308 141.882 318 132.094 310 102.597 
310
10 313 488.348 308 340.964 314 315.613 312 310.589 315 215.419 316 213.977 307 190.197 318 178.944 311 123.891 309 115.517 
311
10 313 323.208 309 305.977 314 281.293 308 267.911 312 238.882 315 225.291 316 169.448 318 157.821 307 143.697 310 142.609 
312
10 310 368.232 311 274.7 314 270.254 309 242.397 316 198.819 315 189.885 318 181.737 313 176.114 308 159.529 307 94.0196 
313
10 310 560.171 311 380.915 316 327.185 309 312.83 318 283.478 308 216.001 312 199.827 315 160.286 307 133.03 314 122.693 
314
10 310 374.733 311 334.348 312 324.47 309 229.16 318 214.453 316 207.235 308 168.721 313 137.314 307 121 322 98.9626 
315
10 311 266.655 310 256.403 309 237.953 312 229.485 313 184.012 308 183.372 320 159.179 321 144.15 318 141.759 322 130.862 
316
10 313 359.144 310 253.045 312 234.642 314 223.391 311 203.467 309 179.982 322 174.993 308 154.308 321 148.281 326 130.753 
317
10 321 213.538 322 211.966 325 134.033 320 133.502 324 120.867 313 102.689 312 96.7981 314 92.657 326 79.8363 311 72.5553 
318
10 322 808.987 323 807.737 324 708.282 325 602.94 321 588.444 326 467.257 327 379.333 328 362.82 329 328.371 313 309.491 
319
10 322 554.956 323 503.486 324 400.022 325 343.241 326 255.348 321 210.051 327 201.577 328 172.194 329 167.123 330 163.984 
320
10 323 689.029 322 539.359 324 489.014 325 374.545 326 238.715 315 181.536 327 181.19 328 180.712 318 170.253 329 165.26 
321
10 323 781.366 324 652.086 318 621.601 325 505.507 326 348.3 327 266.392 328 247.438 317 236.893 329 223.915 330 211.971 
322
10 318 858.3 324 649.453 325 606.144 319 567.526 320 539.395 326 444.408 327 344.483 328 319.268 329 311.376 330 276.139 
323
10 318 859.537 321 803.49 320 705.794 326 551.327 319 521.817 325 482.314 327 443.698 328 421.807 329 396.842 331 311.738 
324
10 318 746.015 321 674.624 327 667.346 322 664.563 328 596.975 326 559.556 329 543.292 320 512.177 331 425.332 319 417.811 
325
10 328 716.801 329 689.887 318 641.048 322 625.465 327 573.56 321 527.341 323 493.301 320 394.715 319 360.744 343 353.586 
326
10 330 671.549 331 654.074 324 571.258 323 568.778 318 496.887 328 478.725 322 461.642 343 417.817 321 365.472 342 303.205 
327
10 331 719.482 324 688.773 332 658.782 333 645.501 330 636.047 325 585.312 335 530.72 334 467.299 323 462.969 343 454.867 
328
10 333 787.72 332 739.463 325 736.177 331 723.901 324 621.291 335 558.389 334 513.994 343 496.902 326 491.51 323 443.422 
329
10 333 753.057 325 719.708 332 679.369 324 570.093 335 524.937 343 517.504 334 503.872 342 438.119 331 436.952 323 420.822 
330
10 326 701.834 327 651.991 333 546.154 343 493.63 335 440.997 334 428.743 342 411.475 341 367.632 318 331.269 328 321.929 
331
10 327 754.239 328 750.99 326 694.668 324 457.175 329 452.146 323 338.82 318 294.193 343 290.023 341 278.575 342 276.998 
332
10 328 779.855 329 711.006 327 700.331 324 390.352 323 299.472 330 293.442 318 240.052 322 223.443 321 167.143 320 121.326 
333
10 328 837.326 329 792.537 327 691.636 330 571.724 324 381.152 323 287.293 318 226.07 322 215.272 331 208.768 321 163.21 
334
10 328 547.36 329 532.215 327 501.327 330 452.078 324 312.447 323 243.808 322 202.165 318 170.108 331 165.323 321 143.44 
335
10 328 593.935 327 568.562 329 553.913 330 463.861 324 360.87 323 309.896 322 273.572 318 218.287 321 208.723 331 172.662 
336
10 329 309.947 328 302.24 327 253.734 330 243.154 326 186.518 331 166.094 323 92.8207 318 82.1038 322 80.1093 321 65.1169 
337
10 329 265.33 328 258.881 330 225.161 331 210.376 327 173.432 325 92.1152 326 85.6528 324 76.6608 332 55.6207 318 34.6963 
338
10 329 235.717 328 231.103 330 191.248 331 176.707 327 166.486 325 74.9611 326 74.9272 324 61.7958 332 39.6032 318 27.9567 
339
10 329 247.955 328 233.383 330 208.22 331 193.651 327 153.191 325 71.4375 326 69.9025 324 58.0804 332 57.5862 318 26.789 
340
10 328 365.682 329 364.701 330 317.573 327 273.161 331 232.368 326 174.377 325 154.183 332 91.679 316 49.0248 315 42.7223 
341
10 328 431.063 329 427.476 330 387.292 327 327.382 331 289.325 326 235.153 325 201.492 324 137.213 323 99.0406 316 50.6691 
342
10 329 466.538 328 446.419 330 432.743 327 380.889 326 332.717 325 310.317 331 285.717 324 247.999 323 197.21 317 44.5541 
343
10 329 549.725 328 535.185 330 519.06 327 494.421 326 460.06 325 391.546 331 299.511 319 123.469 332 91.751 316 66.8255 
344
10 289 684.716 346 597.454 285 341.824 286 328.548 290 288.05 347 246.822 357 185.029 345 171.097 356 159.302 291 157.482 
345
10 289 525.961 346 393.875 285 260.282 286 245.501 347 201.904 344 162.509 284 150.417 356 105.628 357 81.0956 355 72.3737 
346
10 289 686.41 290 550.831 288 545.518 344 526.517 284 384.617 285 370.121 345 363.748 286 271.611 347 257.91 355 238.386 
347
10 290 536.932 289 437.137 291 382.53 284 370.259 288 360.699 354 334.781 353 334.481 352 299.687 355 251.188 283 246.518 
348
10 352 565.659 353 550.667 351 423.062 354 409.791 290 397.074 281 383.616 279 382.45 282 359.572 280 359.473 291 336.274 
349
10 352 833.503 281 645.418 282 543.164 279 521.84 351 479.452 283 383.697 294 344.001 290 282.179 295 261.929 291 243.064 
350
10 352 770.636 281 767.3 353 645.953 282 575.208 279 496.585 354 349.894 283 339.837 294 336.381 295 267.189 348 217.905 
351
10 281 758.692 280 751.188 349 464.627 282 429.974 348 409.732 354 337.186 294 273.006 295 217.574 347 177.421 290 114.438 
352
10 349 802.556 280 794.789 350 742.586 279 711.653 348 534.728 354 511.998 281 397.24 278 332.353 353 308.581 355 277.852 
353
10 279 716.588 350 607.877 348 504.397 278 367.02 283 357.988 355 318.641 284 304.271 347 298.384 352 295.241 277 256.518 
354
10 352 477.489 284 454.474 283 419.391 348 364.479 278 341.306 350 321.486 351 310.724 347 287.455 277 286.74 282 283.764 
355
10 277 344.636 284 342.957 353 295.97 352 254.027 283 231.448 276 229.135 348 228.66 285 221.369 268 207.069 347 204.311 
356
10 275 400.672 276 343.214 274 319.18 277 261.492 269 237.972 278 143.558 354 140.243 288 137.311 284 118.876 268 109.015 
357
10 274 296.911 276 246.346 277 188.485 269 150.669 355 135.806 344 100.569 273 64.5717 289 62.8619 268 59.7698 346 58.9092 
358
10 276 176.027 277 136.369 269 112.132 346 39.0579 289 38.8906 268 34.8175 345 33.4596 278 17.4538 296 13.1723 267 8.67415 
359
10 269 30.6096 346 17.5663 278 9.00526 268 7.10335 246 2.86788 267 2.17166 244 2.12037 245 2.05912 255 1.9027 247 1.57167 
360
10 355 46.5442 268 31.7967 346 8.15462 267 7.91446 244 7.18046 246 4.64549 245 4.48884 278 3.4286 247 2.43682 284 0.341657 
361
10 355 37.7209 268 24.6348 244 5.9902 245 4.55593 246 4.43816 346 3.75049 267 0.818183 240 0.118413 187 2.39091e-09 503 6.92299e-13 
362
10 277 50.577 355 24.0279 268 20.5625 244 3.92326 245 3.91137 246 3.61812 247 1.9642 267 1.44746 240 0.126858 480 7.03271e-08 
363
10 277 40.3912 355 13.7863 245 3.71693 246 2.66437 247 2.31382 480 1.49087e-07 479 8.43178e-08 478 4.18324e-08 187 1.3113e-08 499 9.20829e-12 
364
10 277 79.83 355 46.4506 267 26.5585 278 18.5083 453 12.1116 452 6.84026 261 5.05366 255 4.08118 260 3.63706 262 3.51734 
365
10 277 60.4644 268 45.2321 355 40.4169 278 22.9104 267 19.9147 453 18.8076 372 10.2742 409 10.2165 373 9.77201 354 8.57094 
366
10 277 61.1447 268 42.5856 355 42.3487 278 25.1911 368 24.3205 267 21.0411 372 14.3528 373 12.7864 354 9.54536 255 8.1844 
367
10 372 332.41 371 329.482 370 326.234 373 221.301 369 199.247 268 143.213 277 135.817 355 124.01 278 108.626 267 103.739 
368
10 371 696.146 370 648.829 372 600.578 373 417.048 268 120.478 388 117.746 354 111.605 355 108.232 406 107.706 404 107.237 
369
10 371 1121.51 372 629.077 370 391.154 373 335.987 367 191.732 388 70.6384 268 63.343 435 56.7842 387 55.5109 354 54.8077 
370
10 372 747.383 368 618.538 371 472.228 373 453.079 369 389.241 367 296.406 420 111.792 405 102.792 421 96.1265 404 94.2597 
371
10 369 1074.91 368 644.921 373 576.854 370 467.766 367 291.359 372 250.117 420 145.652 405 138.221 421 133.203 436 128.336 
372
10 370 729.316 369 603.81 368 557.252 373 490.546 374 301.456 367 293.003 371 250.224 421 169.998 405 147.61 435 143.068 
373
10 371 562.492 372 490.673 370 435.944 368 382.082 374 340.478 369 321.63 367 194.252 422 162.628 435 140.101 421 124.159 
374
10 373 339.838 372 301.036 376 124.68 375 92.462 422 42.1533 377 38.3135 434 37.4091 368 35.7704 418 29.1835 423 26.5858 
375
10 377 147.023 373 115.296 374 91.8551 431 76.417 376 76.4119 378 74.4004 424 67.1201 455 55.9648 430 54.4036 432 53.6005 
376
10 431 208.431 378 193.406 455 186.296 377 157.593 424 155.515 432 136.298 374 126.043 430 107.623 456 105.297 423 98.07 
377
10 431 321.347 455 257.854 456 245.696 430 237.443 424 201.573 432 173.565 425 164.27 376 162.823 375 152.625 423 120.072 
378
10 376 215.4 375 90.5004 431 31.2814 430 28.7243 374 25.8365 432 14.8448 424 13.2707 381 12.7676 423 7.0979 425 5.35368 
379
10 443 454.255 442 344.854 444 281.938 446 69.448 445 57.152 431 15.3195 430 11.4254 447 11.1301 382 4.46834 383 3.96864 
380
10 443 433.32 442 368.772 444 262.876 446 88.3349 445 45.219 447 34.385 448 13.5178 430 4.83778 184 0.0285508 494 0.0280653 
381
10 443 273.603 442 231.086 444 176.661 446 49.1933 447 28.424 378 15.3909 448 9.20361 494 0.0574723 507 0.038286 384 0.034421 
382
10 443 268.287 442 206.922 444 202.522 446 69.1537 447 32.3311 445 21.0413 448 10.8657 379 5.02015 216 0.265417 217 0.256489 
383
10 442 372.832 443 208.631 441 120.149 444 113.068 448 7.4304 447 6.59014 379 4.25877 446 2.53696 384 0.925194 494 0.0560217 
384
10 442 188.63 441 141.176 387 71.8643 440 68.2484 439 59.1812 438 48.1914 386 20.9855 383 0.871117 491 0.0337748 184 0.0325691 
385
10 388 568.178 387 484.252 389 463.038 390 416.896 439 289.489 438 275.686 391 228.046 440 226.227 403 149.594 436 142.712 
386
10 390 400.503 389 391.31 388 353.775 438 287.425 439 255.377 403 239.146 405 217.19 391 212.608 437 208.668 404 206.937 
387
10 385 493.245 403 438.171 405 390.613 404 387.265 438 374.611 436 369.258 406 367.189 437 364.426 402 302.541 439 292.858 
388
10 385 582.092 403 531.135 402 521.488 406 517.349 405 436.012 404 418.755 386 357.921 407 342.806 420 330.117 437 289.422 
389
10 385 478.538 386 403.392 402 387.679 406 350.974 407 311.713 401 268.91 403 257.61 405 205.591 404 182.898 437 146.648 
390
10 385 440.629 386 418.326 402 272.259 406 259.125 407 245.87 401 228.715 403 163.751 405 133.778 404 108.953 437 50.4952 
391
10 385 243.448 386 225.273 401 64.462 407 62.3953 406 46.9146 402 38.0615 400 34.4608 387 30.4599 388 17.8004 408 14.8396 
392
10 449 16.5226 385 10.8343 162 3.00947 161 2.43906 163 2.40202 160 2.31426 400 1.8284 448 1.60257 159 1.00206 398 0.977518 
393
10 449 43.7593 395 23.7798 396 21.9056 397 12.8007 398 8.84143 448 3.51459 162 3.20635 399 2.80894 161 2.59418 163 2.14701 
394
10 449 51.5615 448 7.9418 397 7.7986 395 7.53954 398 6.83555 162 3.94248 399 3.61733 163 2.92511 161 2.56295 160 2.09725 
395
6 449 26.6613 393 25.9247 396 11.1642 394 7.79635 448 1.68449 398 1.46501 
396
8 393 22.0075 411 20.3289 395 12.6303 398 10.98 449 6.36681 452 4.91671 209 4.08628 210 3.5893 
397
9 411 21.0488 393 12.386 452 8.89062 394 7.57624 449 5.39418 398 5.18803 209 4.50572 210 3.42438 399 0.138688 
398
10 396 11.4781 393 8.89133 209 8.08648 210 7.75756 394 6.98206 162 5.57129 397 5.18125 163 3.64204 161 3.58203 449 3.21773 
399
10 452 7.16858 209 5.37297 210 4.79711 162 4.59571 163 3.97395 394 3.83888 393 2.93491 161 2.73632 160 2.60412 240 1.66412 
400
10 390 53.1316 389 44.1272 391 39.6607 388 24.776 392 1.92605 386 1.86839 387 1.86067 452 1.57856 209 1.25495 393 0.842732 
401
10 389 283.956 388 277.264 390 243.74 387 130.113 386 82.8144 391 73.4623 385 45.7649 368 13.3678 367 11.004 407 4.56915 
402
10 388 545.967 389 403.857 387 321.916 390 283.456 386 187.997 385 106.61 368 41.2433 391 39.2633 367 34.2258 371 28.1943 
403
10 388 532.957 387 440.746 389 253.97 386 241.984 390 157.324 385 152.516 371 79.664 372 72.1325 368 67.196 370 60.1686 
404
10 388 413.645 387 383.289 386 204.545 389 176.495 385 123.179 372 119.67 371 114.905 390 101.95 373 98.1565 370 83.552 
405
10 388 429.726 387 386.972 386 214.773 389 196.861 372 127.109 371 125.645 390 124.178 385 110.48 373 101.153 370 91.0129 
406
10 388 520.778 387 377.424 389 345.649 390 252.406 386 192.52 385 101.536 371 85.7115 372 80.7679 368 78.9236 373 70.7047 
407
10 388 355.689 389 318.285 390 247.215 387 184.641 386 102.612 391 65.1713 385 48.0543 418 43.9239 368 32.5417 367 27.8796 
408
10 389 88.3026 388 66.7084 390 44.7854 418 21.3439 391 15.0757 402 13.7041 417 7.17713 367 6.64103 401 3.63527 366 2.63988 
409
7 452 32.3932 365 5.21347 277 2.69498 366 0.9965 268 0.706633 401 0.0530361 399 0.016483 
410
8 452 38.0635 413 27.6891 414 22.672 412 15.9499 415 15.4298 277 2.14044 365 2.13965 453 0.587513 
411
8 413 108.84 412 98.7035 414 55.5065 396 20.8063 415 19.8472 397 19.8041 452 16.5029 453 1.75035 
412
6 414 111.505 411 111.385 413 87.2766 415 19.9768 410 17.021 452 7.59931 
413
8 411 116.509 412 85.4054 414 84.608 410 29.1794 415 12.9018 426 3.9923 427 3.90013 452 0.779564 
414
9 412 109.994 413 83.2318 411 60.0277 410 24.5948 427 10.5621 426 8.57969 453 1.15417 452 1.07834 415 0.396296 
415
7 411 20.5863 412 20.275 410 15.8678 413 12.7646 277 1.40308 365 0.623669 414 0.381879 
416
5 469 22.3241 365 2.74463 277 2.03844 366 1.63335 453 0.228217 
417
10 460 55.0064 461 51.6527 462 37.094 407 13.0991 408 8.20947 406 7.54046 374 4.19848 418 2.62309 366 1.72572 373 1.14556 
418
10 373 74.0491 372 59.2128 407 46.1054 368 45.1709 406 44.3931 367 37.5923 460 36.7207 461 32.902 371 27.9231 422 26.4679 
419
10 388 199.8 439 190.227 372 107.344 371 94.6337 387 86.7587 440 81.4342 370 69.5507 368 64.4264 373 64.0377 460 55.0138 
420
10 388 331.486 387 226.264 439 202.318 371 132.691 372 115.184 440 114.863 370 98.3929 389 78.4749 368 76.0779 373 68.7074 
421
10 439 212.509 388 181.107 372 151.54 371 118.661 440 113.678 373 112.001 370 82.9943 368 76.1378 460 62.6683 367 53.4504 
422
10 439 215.634 460 172.406 373 140.905 461 128.876 438 125.476 440 119.019 372 79.3363 459 69.97 462 57.5211 374 38.3271 
423
10 377 122.278 460 108.944 461 92.4379 376 91.6588 459 59.6338 462 51.8174 375 38.6944 458 34.6642 374 23.1073 373 11.9139 
424
10 377 209.101 376 149.996 455 124.547 375 63.1722 457 52.1088 469 19.4652 378 14.1931 471 13.0974 431 5.65526 430 3.0585 
425
9 377 168.766 376 75.37 375 32.5008 378 5.43064 454 2.344 355 0.130401 277 0.070887 296 0.0530606 428 0.00663926 
426
9 428 164.133 377 86.7171 429 36.1734 427 11.1944 414 8.46484 376 5.79643 430 5.00336 431 3.90621 413 3.89988 
427
9 428 177.152 429 46.9047 426 11.5611 414 10.5746 455 9.62426 377 4.48388 413 3.99484 457 1.97358 430 0.696213 
428
7 427 185.649 426 176.858 429 58.6633 457 13.7712 430 11.4683 455 0.946284 425 0.00575986 
429
5 377 68.5377 428 58.8145 427 47.6894 426 37.9187 376 0.843745 
430
10 377 234.073 376 96.3812 375 47.877 378 28.7447 458 24.7019 443 13.9976 428 12.9645 379 11.6579 444 10.954 426 5.38211 
431
10 377 308.341 376 186.928 455 165.554 456 163.372 375 66.5334 458 53.1153 457 52.5537 378 31.8465 459 24.8286 379 16.2594 
432
10 377 165.096 376 118.488 459 48.0542 375 44.3926 458 39.4658 440 32.5646 441 31.2501 461 24.9514 439 18.3581 456 15.5171 
433
10 439 366.662 440 312.916 441 166.554 459 106.621 438 88.1972 460 87.4405 461 47.1751 373 39.9067 372 21.4197 462 19.6289 
434
10 439 459.047 440 352.341 441 127.462 460 122.025 438 107.099 373 93.3834 372 76.0221 461 72.2814 459 66.0566 371 43.2994 
435
10 439 317.446 440 193.502 372 123.036 373 120.391 387 114.291 371 90.0604 438 70.7809 370 62.6652 368 52.1682 460 50.7214 
436
10 387 362.622 439 338.548 388 281.821 386 197.897 385 141.243 372 118.066 371 117.516 440 108.224 373 100.2 438 98.0539 
437
10 439 498.747 387 359.562 388 285.638 386 205.335 440 185.871 389 145.144 385 133.344 371 107.266 372 96.4833 373 84.4725 
438
10 440 908.548 387 383.159 439 360.553 386 296.001 385 285.71 388 155.594 441 131.84 422 121.985 434 102.65 436 98.315 
439
10 440 696.375 441 519.421 437 489.507 434 450.079 433 357.856 438 355.474 436 334.008 435 321.411 387 298.22 385 297.399 
440
10 438 874.902 439 678.959 434 345.758 433 305.813 441 301.366 385 228.8 387 210.366 386 201.265 435 198.01 437 178.922 
441
10 439 486.646 440 286.465 433 162.74 384 132.552 434 125.167 438 122.111 383 107.188 435 33.2407 432 31.0822 373 22.4066 
442
10 383 347.684 379 331.143 380 330.205 381 202.746 382 190.899 384 180.726 377 85.0999 443 51.7689 444 50.9743 446 12.8668 
443
10 379 429.311 380 371.363 382 245.509 381 237.132 383 202.357 444 167.293 446 124.352 445 120.533 442 47.3639 447 41.0771 
444
10 379 266.455 380 223.199 445 190.245 382 178.734 443 156.898 381 149.015 383 107.008 442 49.7905 377 19.3453 430 9.43554 
445
9 444 184.252 446 125.86 443 109.917 379 47.6076 380 35.6229 382 17.3031 431 8.60808 376 5.72962 430 4.12403 
446
8 445 140.914 443 129.465 380 81.9083 379 70.6576 382 65.3916 381 44.9261 442 13.8794 383 2.48457 
447
9 443 44.2975 380 35.7332 382 31.4596 381 27.3747 379 11.8365 442 7.80021 383 6.92137 378 0.380899 260 3.04359e-10 
448
10 380 17.1523 382 12.225 381 10.5472 394 9.30548 383 8.82973 393 4.21853 240 3.9511 395 2.03381 392 1.973 450 1.54723 
449
10 394 69.6966 393 61.6384 395 35.2477 392 24.0806 396 7.54773 397 6.67348 398 3.86061 240 3.26633 399 0.995697 260 1.12311e-09 
450
9 209 15.008 162 4.68183 240 3.58314 163 3.17761 161 2.76302 160 2.2559 448 1.869 159 1.11791 452 0.219196 
451
10 211 15.9435 209 15.0199 210 12.1544 240 4.742 162 3.49021 163 2.48432 161 2.15725 160 2.04321 365 1.84558 177 1.74233 
452
10 410 54.8715 409 45.6161 411 24.8999 412 13.463 397 11.6667 399 9.11885 396 6.78336 364 3.9178 365 2.37029 177 2.35832 
453
10 365 11.5306 364 6.89131 411 2.02601 414 1.44577 366 1.44034 410 0.66506 248 0.583458 416 0.235773 480 2.79856e-06 479 2.24118e-06 
454
10 456 152.728 455 111.209 376 48.9567 375 12.695 424 1.39471 425 1.38983 233 5.27718e-09 226 1.85839e-12 211 8.02269e-14 210 1.03714e-14 
455
10 377 201.008 456 189.316 431 135.528 376 134.47 454 122.993 424 96.5298 375 42.7454 432 11.6554 427 7.32206 470 6.22927 
456
10 377 202.445 455 173.564 454 152.65 431 133.488 457 92.7342 376 68.6411 458 31.2033 432 13.8109 375 3.70856 277 0.0571086 
457
7 456 86.5993 458 46.112 424 36.677 431 33.698 428 9.14944 432 3.32737 427 1.38489 
458
10 459 217.931 460 198.435 461 92.1513 457 47.3035 431 38.5109 456 30.3706 432 29.5154 463 29.3241 423 29.3155 462 22.8074 
459
10 461 447.575 460 423.032 462 238.888 458 230.73 433 93.654 463 74.6768 422 66.6752 434 58.8843 438 56.5903 423 54.1458 
460
10 461 1049.67 462 911.249 459 408.64 458 198.506 422 153.355 463 121.864 434 109.753 423 90.6265 433 76.8861 437 64.271 
461
10 460 1052.12 462 701.605 459 430.35 463 195.587 422 112.812 458 91.994 423 76.9501 434 65.1631 437 45.6103 417 42.8146 
462
10 460 918.773 461 706.971 459 231.993 463 125.025 422 48.9231 423 43.0109 417 30.9276 434 25.5599 458 23.3069 433 17.0614 
463
10 461 199.322 460 124.002 462 123.713 459 73.2127 458 31.3792 423 6.06704 432 3.49917 433 3.41562 422 2.24182 431 1.13026 
469
3 416 14.7404 424 12.8288 470 0.894701 
470
5 376 5.75963 455 4.99578 375 3.89607 469 0.945423 430 0.413911 
471
9 472 15.8371 431 9.55316 424 9.31246 432 9.1042 423 6.11416 376 3.97468 377 2.97875 375 1.88771 455 1.0147 
472
10 473 210.561 474 187.871 471 13.77 475 10.5704 476 2.14553 432 0.912135 431 0.871063 423 0.844473 424 0.693778 477 0.169106 
473
10 474 350.603 472 234.516 475 152.459 476 126.296 477 9.56034 482 3.61252 483 3.59218 484 2.16629 485 0.9572 486 0.4359 
474
10 476 510.852 473 364.315 472 219.162 475 198.782 477 159.67 483 55.3882 484 40.4159 485 29.7786 487 18.1276 486 16.7988 
475
10 477 204.175 474 202.631 473 159.614 476 152.759 484 133.984 485 96.9509 483 87.7468 487 78.319 486 73.0611 489 41.718 
476
10 474 513.858 477 180.55 484 157.634 475 152.029 473 130.287 485 124.936 483 101.653 487 99.4232 486 98.459 192 40.3712 
477
10 475 216.79 476 195.324 474 182.905 481 98.6735 488 35.931 499 32.0309 487 30.5191 183 30.4748 182 29.6072 187 27.8928 
478
10 480 535.254 187 87.6923 178 54.4311 481 51.923 499 44.7429 477 28.9982 185 28.47 179 25.6613 507 24.0399 173 19.8173 
479
10 480 217.359 187 86.3274 481 37.7248 499 32.113 185 26.4169 178 16.3745 179 13.0312 184 6.52441 183 4.44885 173 4.39193 
480
10 478 628.472 479 233.815 187 74.1334 481 19.6071 499 17.395 178 9.45865 179 5.42649 173 4.1197 504 2.16916 507 1.88826 
481
10 477 103.875 488 54.7127 478 54.1966 489 43.8595 192 41.2309 479 36.67 476 35.2861 475 34.9909 191 32.4285 190 29.8839 
482
10 484 113.183 487 98.9868 488 86.0332 489 72.4328 483 68.2856 490 52.4938 191 48.8913 189 48.6677 190 47.1986 485 45.8841 
483
10 485 508.429 484 372.356 486 366.993 487 356.568 489 251.173 490 214.096 190 154.77 191 148.641 192 144.752 193 141.271 
484
10 486 842.73 487 717.644 485 638.855 489 524.542 483 392.325 490 347.608 190 335.744 191 325.342 189 299.004 193 280.414 
485
10 487 920.917 488 797.899 489 674.549 484 662.724 486 602.232 483 555.502 192 434.673 190 419.417 191 418.842 490 414.311 
486
10 484 898.368 488 896.409 489 863.015 485 616.639 192 570.522 191 555.167 190 553.83 189 506.699 490 497.203 193 482.88 
487
10 489 1063.48 485 984.207 191 880.783 192 872.001 190 813.805 484 793.389 189 765.04 490 712.927 193 661.244 183 481.517 
488
10 192 1109.38 191 1079.9 190 974.357 486 957.839 189 925.589 485 875.188 193 850.341 194 611.25 183 579.288 188 522.139 
489
10 487 1113.63 192 1109.72 486 940.484 191 937.174 193 879.658 189 850.138 485 753.401 190 683.001 484 604.056 194 603.694 
490
10 487 738.802 192 696.16 193 677.283 191 605.622 194 569.404 486 522.022 495 483.855 188 465.742 485 445.578 189 413.784 
491
10 494 249.957 191 210.34 499 182.33 192 170.714 184 159.821 495 159.468 193 155.893 186 149.382 194 145.733 195 135.319 
492
10 186 133.696 494 129.768 217 117.918 499 108.795 187 102.189 184 90.4565 501 87.1006 502 85.1999 500 82.9092 493 80.0522 
493
10 494 156.535 186 118.402 499 113.93 184 92.1832 491 90.2979 492 89.1061 500 84.9549 501 81.3994 502 75.346 187 65.7786 
494
10 499 308.71 490 291.034 491 281.244 489 202.645 488 187.958 191 172.278 493 172.112 190 165.189 189 161.111 487 154.219 
495
10 490 536.183 489 493.405 488 468.529 189 459.088 499 424.489 487 422.341 182 421.49 497 392.144 190 390.2 181 383.865 
496
10 189 395.137 181 383.674 188 371.628 488 361.256 489 350.778 487 343.565 505 339.727 190 325.337 506 323.418 490 312.968 
497
10 180 732.621 505 641.388 189 621.383 506 571.697 488 522.276 190 516.034 489 510.964 487 503.749 507 466.934 188 448.279 
498
10 505 603.159 180 590.671 506 513.867 189 506.602 507 478.491 179 442.672 190 403.228 504 402.991 188 393.085 488 392.227 
499
10 505 556.475 178 517.209 179 485.529 506 485.274 507 481.347 495 458.175 188 445.878 183 444.774 189 434.327 504 385.168 
500
10 502 839.099 503 681.956 186 401.543 177 312.86 187 303.885 175 290.886 176 262.413 174 232.284 501 230.813 178 222.258 
501
10 503 666.916 499 326.573 177 324.986 175 311.079 186 303.419 176 302.642 502 278.538 174 245.861 500 239.252 187 222.002 
502
10 500 893.231 499 415.696 175 377.425 176 365.383 177 361.087 174 313.996 501 290.812 186 267.015 173 249.786 187 187.876 
503
10 500 736.296 501 706.1 176 541.488 175 423.476 499 324.333 174 306.953 173 236.421 186 211.242 187 150.965 172 96.551 
504
10 180 506.617 181 461.815 182 433.744 498 414.612 499 407.374 183 371.146 172 333.081 171 252.919 170 234.346 188 218.079 
505
10 180 806.807 181 755.308 497 715.018 182 691.57 498 660.056 183 610.952 499 605.836 172 532.839 171 424.654 179 407.257 
506
10 180 740.066 182 719.907 181 680.246 497 643.698 183 640.301 179 622.164 172 610.222 498 569.174 499 535.332 171 454.129 
507
10 180 635.9 172 615.302 181 593.765 182 591.345 179 582.051 183 544.752 499 542.849 498 527.678 497 522.031 171 448.486 
508
10 174 229.793 173 207.11 167 88.4817 166 74.8682 172 49.5422 165 47.7978 171 43.7303 170 43.6151 164 43.3484 163 38.7537 
