301
0
10 2 531.916 3 427.219 42 353.608 43 260.813 4 220.425 33 206.223 31 192.088 41 171.088 32 153.772 30 147.18 
1
10 3 718.819 2 577.033 42 465.255 4 382.169 33 306.75 43 285.443 41 270.097 36 253.976 35 231.979 31 224.211 
2
10 4 767.389 3 604.478 42 597.376 1 585.335 5 539.069 41 509.031 0 507.917 36 493.773 33 441.003 35 434.198 
3
10 5 770.156 37 723.49 1 714.202 41 649.672 2 613.582 42 573.525 35 513.693 4 418.006 34 396.988 0 391.83 
4
10 38 1187.33 37 1094.68 36 1092.77 35 1014.89 2 811.136 5 793.999 6 708.363 3 412.764 42 406.599 1 397.759 
5
10 38 1057.72 39 1027.51 4 806.499 6 798.679 3 791.383 37 696.795 2 586.553 40 525.394 42 198.159 45 187.409 
6
10 5 832.627 4 803.124 39 662.917 7 662.136 38 625.057 40 624.877 45 146.519 46 142.795 47 98.7782 48 41.9477 
7
10 8 740.982 6 678.096 39 337.452 40 328.757 41 218.096 46 130.259 45 116.392 47 100.829 128 55.793 48 45.1023 
8
10 7 819.882 46 142.155 47 121.566 128 119.676 41 99.9094 45 96.777 48 66.9945 49 40.8855 280 19.3298 282 18.9568 
9
10 99 221.467 128 172.573 47 113.475 48 75.7057 49 53.2239 46 46.8953 164 16.8569 163 11.3178 165 11.1451 108 9.15648 
10
10 99 405.602 129 398.534 130 395.464 128 287.064 47 159.799 48 122.258 49 90.6654 46 37.9572 108 30.3551 164 23.2214 
11
10 130 722.127 129 658.229 99 603.671 47 187.139 48 144.722 49 115.88 109 65.235 108 57.7131 98 31.2945 50 29.4343 
12
10 130 878.651 129 768.451 128 448.085 48 154.17 49 133.65 109 110.786 108 75.8126 47 61.7305 107 29.0196 98 27.4807 
13
10 100 1182.94 130 821.612 129 808.509 99 623.149 128 468.856 109 183.161 48 157.769 49 156.204 108 110.896 47 58.3531 
14
10 110 86.3821 49 82.0584 108 74.3064 111 50.3976 128 32.5154 160 18.5981 158 17.2435 50 14.6356 161 7.94991 157 6.23137 
15
10 16 1001.08 130 453.748 129 386.196 102 380.323 100 302.977 109 252.114 110 179.854 111 111.843 49 95.3796 108 90.8417 
16
10 101 1669.54 15 1053.97 17 875.51 100 801.607 130 584.561 129 534.808 102 422.117 110 349.262 109 318.668 111 214.852 
17
10 101 1356.88 102 929.635 16 921.37 100 578.395 110 460.886 130 397.791 129 390.596 109 369.408 111 303.207 112 126.702 
18
10 109 323.97 112 195.72 82 107.483 83 97.0545 113 76.8855 114 31.2576 158 28.8436 159 24.5839 84 22.4727 157 22.3691 
19
10 21 720.763 110 510.293 22 506.225 111 384.874 109 277.825 83 203.666 82 174.393 113 163.36 114 68.2772 84 57.8363 
20
10 21 910.153 22 801.991 23 543.611 110 526.842 111 421.729 112 335.142 83 320.956 113 269.677 82 245.998 114 130.536 
21
10 20 974.872 19 822.139 23 697.037 111 588.216 83 440 112 420.148 109 374.724 113 360.63 82 301.995 110 223.931 
22
10 20 939.54 23 888.599 110 752.219 19 615.315 112 577.136 83 536.151 113 443.543 82 324.733 114 259.422 84 178.19 
23
10 22 948.178 21 811.964 24 718.861 112 694.758 20 676.131 83 603.777 113 543.891 110 452.189 114 361.415 82 311.626 
24
10 23 732.639 25 704.777 113 577.11 83 545.332 114 495.519 26 417.722 84 344.735 115 308.589 82 187.3 88 150.046 
25
10 24 706.016 26 676.95 113 513.569 114 448.604 83 422.275 84 377.859 27 368.893 115 333.466 88 275.908 87 240.08 
26
10 25 692.603 27 665.697 24 445.883 114 398.931 88 381.378 84 349.716 87 344.082 115 301.889 85 254.639 86 236.271 
27
10 28 781.003 26 694.945 25 404.7 88 382.974 114 320.751 115 282.989 86 170.251 85 137.469 89 114.573 116 36.4124 
28
10 27 848.201 88 410.968 115 205.398 85 151.632 89 148.431 86 72.1731 0 49.7934 261 44.9966 116 42.6152 260 24.8157 
29
10 86 215.493 89 198.198 0 78.0341 1 73.0041 88 71.0984 261 46.7501 116 46.1696 262 25.7413 260 24.7456 259 18.0938 
30
10 87 388.663 88 229.585 86 134.761 1 118.384 0 117.204 2 81.4827 261 42.1439 260 25.5697 262 21.9166 259 20.7147 
31
10 88 332.414 87 286.471 1 185.061 0 161.152 2 134.555 86 82.1103 89 43.8713 261 37.9797 42 32.1792 260 26.433 
32
10 2 214.098 33 212.085 3 163.226 87 162.684 0 134.981 41 39.6572 261 28.3945 260 27.4505 259 24.3591 172 15.6219 
33
10 2 353.265 3 274.044 1 272.612 32 222.805 0 186.955 41 82.2854 42 70.4804 43 31.3758 260 28.634 259 28.3925 
34
10 36 543.578 37 392.436 2 355.205 3 323.258 4 240.241 1 200.208 0 100.039 41 100.029 42 60.4536 43 19.2046 
35
10 36 1149.03 37 899.253 4 684.704 3 442.404 2 397.952 1 214.379 41 166.017 0 114.81 42 84.8323 43 34.6172 
36
10 35 1260.96 37 1023.92 4 843.4 34 651.234 2 474.371 41 280.398 1 245.504 42 132.576 43 58.3484 0 40.7077 
37
10 36 1134.3 35 1097.18 4 961.52 3 699.695 5 582.965 34 501.109 41 365.874 2 235.69 42 188.38 43 89.3115 
38
10 4 1153.22 5 934.853 6 500.747 41 378.744 42 211.108 3 135.39 0 130.004 43 90.2929 45 70.7597 44 55.3356 
39
10 5 996.026 6 587.557 41 361.207 7 304.155 4 258.692 42 219.389 43 90.7988 45 79.4403 44 64.0684 46 59.4403 
40
10 6 593.462 5 532.75 7 313.983 42 284.409 41 197.397 43 105.085 45 104.725 46 90.0654 44 84.7539 47 38.1294 
41
10 3 726.215 2 557.958 38 427.965 37 425.516 39 405.573 36 342.532 43 329.665 44 294.128 1 283.674 40 234.35 
42
10 44 642.04 2 637.828 3 634.702 1 493.304 4 444.197 43 405.688 0 341.565 45 339.945 40 303.684 39 246.303 
43
10 44 772.617 42 369.788 3 367.439 2 344.307 41 335.605 1 268.783 0 232.651 4 222.131 5 189.59 122 108.598 
44
10 43 717.644 42 533.735 41 279.212 3 267.827 2 205.94 4 160.129 1 151.914 5 134.437 0 119.371 40 84.9149 
45
10 46 659.575 42 277.605 3 269.579 4 197.828 5 186.949 2 167.383 6 140.179 7 117.713 8 101.625 40 100.787 
46
10 47 745.36 45 618.809 128 194.264 5 178.253 8 157.465 4 148.456 6 144.443 7 136.568 3 121.718 129 119.246 
47
10 48 768.38 46 710.591 128 467.878 99 354.275 129 294.025 107 283.21 130 242.973 11 193.417 10 165.364 8 131.922 
48
10 49 926.114 47 751.563 108 392.608 98 188.159 13 165.402 12 161.739 11 158.499 10 134.014 61 115.126 103 110.386 
49
10 48 843.223 128 743.444 108 649.525 107 549.887 99 511.599 50 348.293 100 318.562 129 294.953 130 249.204 109 179.782 
50
10 49 305.906 107 231.227 51 218.903 128 212.765 105 200.887 104 177.433 64 170.329 103 155.899 98 132.64 106 131.808 
51
10 50 208.928 52 179.717 66 131.571 67 113.229 65 100.37 64 85.0925 104 82.9923 105 81.9686 53 58.7219 68 53.5099 
52
10 51 178.904 53 173.179 81 162.618 67 146.282 68 101.062 66 100.509 80 64.6936 65 60.7803 69 55.5186 50 54.7176 
53
10 81 210.516 52 165.534 54 141.087 67 100.992 68 95.5113 69 93.4159 70 59.1045 66 57.0543 51 56.826 80 46.5391 
54
10 81 144.842 53 143.517 55 116.775 71 88.5487 90 82.2556 69 74.9351 116 65.5197 117 64.2659 68 59.3297 70 58.2008 
55
10 116 138.261 56 136.319 54 116.268 91 115.702 117 115.121 118 69.385 90 65.9981 71 43.8251 92 42.9072 57 34.6434 
56
10 57 187.644 90 176.666 55 138.176 117 132.969 118 118.989 71 115.129 116 108.29 119 88.5584 121 73.7584 70 73.3669 
57
10 91 203.282 58 197.58 56 193.821 118 167.419 121 130.311 122 128.176 117 126.913 120 125.826 93 124.769 119 117.982 
58
10 57 207.812 92 206.405 59 199.029 122 139.614 123 132.132 120 129.549 121 116.603 119 100.079 73 83.9566 91 82.6204 
59
10 58 212.322 60 205.511 93 181.218 122 149.366 123 146.059 96 136.504 97 118.019 61 104.63 74 101.754 126 98.5639 
60
10 61 275.206 59 217.428 98 171.44 62 166.839 97 164.651 123 159.606 127 151.272 124 136.47 74 122.57 93 120.025 
61
10 62 490.242 127 340.238 96 331.694 60 279.548 105 267.933 75 224.757 95 219.895 126 212.29 125 203.303 124 192.615 
62
10 97 634.692 61 498.23 104 442.61 126 432.039 105 401.214 96 373.333 98 326.368 76 297.724 125 285.8 75 258.564 
63
10 97 271.694 126 266.736 76 218.804 106 206.468 127 200.503 98 189.161 96 187.251 65 177.293 77 166.331 241 152.464 
64
10 104 496.149 103 466.257 65 415.702 105 355.906 62 236.244 66 213.732 50 189.196 98 158.925 126 151.337 127 137.903 
65
10 66 423.228 64 408.688 103 334.659 104 323.862 105 280.675 67 249.719 63 179.296 106 170.064 50 134.199 62 128.186 
66
10 67 509.017 65 415.528 64 208.368 103 181.922 81 175.151 104 173.563 105 168.34 80 149.26 51 147.679 76 135.827 
67
10 66 503.141 68 390.756 81 298.476 80 256.287 65 241.15 79 167.427 52 165.754 78 137.409 51 122.604 76 120.995 
68
10 67 381.319 69 369.492 70 199.042 79 177.224 80 156.865 78 129.412 71 119.791 53 106.241 77 105.409 82 103.106 
69
10 68 364.414 70 326.135 81 237.064 71 200.329 79 126.334 66 109.603 90 108.68 78 107.294 91 101.049 53 94.7185 
70
10 71 335.654 69 323.761 90 234.958 91 213.467 68 196.292 117 191.12 80 159.16 92 151.006 72 131.671 79 122.746 
71
10 91 339.25 70 332.224 117 242.444 72 214.432 69 194.837 93 181.785 118 176.365 119 162.058 120 154.157 73 140.179 
72
10 93 385.677 73 367.392 92 291.379 74 282.536 94 243.263 77 214.06 71 209.85 78 208.106 76 198.593 75 197.258 
73
10 74 720.052 94 652.936 75 517.016 93 496.574 95 475.03 76 447.507 77 431.093 123 428.226 78 409.371 126 405.148 
74
10 73 727.1 75 715.915 96 614.201 94 606.28 95 605.176 76 601.487 126 589.381 77 546.576 125 540.981 124 534.477 
75
10 74 728.327 126 665.43 94 614.84 96 605.935 95 601.12 77 568.166 73 531.388 124 491.074 78 480.01 76 469.885 
76
10 78 801.767 126 788.346 96 753.707 74 620.189 95 540.335 94 516.866 75 476.883 73 464.054 125 457.014 77 401.638 
77
10 79 613.561 96 586.427 126 581.284 75 579.673 74 563.576 73 443.002 94 439.31 95 434.821 76 405.287 271 370.998 
78
10 76 803.458 268 646.803 74 505.985 269 500.795 96 484.938 75 481.669 126 450.893 73 417.688 94 401.992 270 372.197 
79
10 77 616.402 76 409.396 267 405.121 268 382.039 269 297.357 74 257.7 237 243.312 266 241.919 270 237.267 238 232.722 
80
10 67 248.113 77 183.459 70 155.412 68 150.833 66 144.271 76 136.412 266 124.024 71 122.548 235 98.9178 267 97.5394 
81
10 67 286.012 69 242.776 53 235.546 52 175.1 66 169.644 54 160.837 70 104.549 82 99.5309 65 58.558 83 54.2295 
82
10 115 396.829 114 360.704 22 297.143 21 291.457 111 286.194 23 275.684 112 269.263 110 259.148 20 248.243 113 208.151 
83
10 114 646.856 23 560.356 112 555.183 22 527.194 84 494.679 24 494.042 21 464.361 115 395.427 25 365.343 20 360.485 
84
10 114 694.885 113 671.728 83 529.661 25 353.534 85 350.836 26 344.293 24 315.383 112 257.794 115 257.538 23 238.311 
85
10 84 385.437 114 365.98 26 262.354 113 254.953 25 231.537 115 219.937 83 197.405 27 159.03 28 156.465 24 153.439 
86
10 87 429.171 88 308.815 114 283.513 26 258.548 29 232.955 25 213.964 27 196.504 115 153.568 30 139.509 24 122.442 
87
10 86 442.692 26 425.107 30 384.334 88 359.501 25 285.23 31 264.318 89 237.731 24 165.689 32 147.102 260 41.5443 
88
10 28 465.937 26 453.68 27 439.161 114 370.026 87 349.15 25 325.45 31 324.161 86 318.755 30 222.651 113 192.461 
89
10 115 394.004 87 211.997 29 196.276 117 185.368 114 167.148 28 156.534 26 127.519 27 119.741 118 114.165 70 99.0797 
90
10 91 303.567 117 302.358 70 230.032 56 188.383 116 171.274 118 166.759 92 134.044 119 123.147 69 106.176 57 105.447 
91
10 71 327.588 92 305.055 90 301.246 117 262.724 70 208.409 57 199.557 118 182.572 119 174.836 93 150.236 55 118.62 
92
10 93 344.962 120 309.081 91 308.884 121 288.36 72 288.086 119 229.226 123 199.197 58 196.823 73 190.485 118 165.669 
93
10 123 517.294 122 515.736 74 505.776 73 493.684 96 423.991 72 392.818 95 374.413 126 361.467 92 351.482 76 349.046 
94
10 73 676.077 74 623.006 75 620.287 123 603.517 124 599.409 125 529.463 126 525.957 76 514.183 77 436.159 78 400.73 
95
10 126 653.629 74 628.619 75 621.405 76 553.637 73 496.803 123 494.76 124 489.962 125 480.935 77 443.773 93 391.311 
96
10 126 795.559 76 778.477 74 652.63 75 635.394 123 615.61 77 605.328 124 595.339 78 507.181 93 447.516 62 375.561 
97
10 62 625.695 127 382.347 95 362.336 75 320.563 76 316.472 124 298.163 74 294.611 94 275.507 63 267.639 105 263.792 
98
10 62 323.419 128 297.429 104 293.001 127 291.626 105 277.61 103 242.005 97 235.442 106 202.486 48 194.986 63 190.663 
99
10 11 687.336 13 645.858 49 553.674 10 493.849 47 375.839 108 321.698 9 286.182 128 223.953 109 207.251 107 187.331 
100
10 13 1306.72 16 774.892 102 709.963 17 553.732 109 441.695 49 334.611 15 298.161 108 297.219 107 116.408 110 96.2924 
101
10 16 1622.29 17 1201.17 102 846.444 130 567.188 129 511.58 109 300.537 110 245.774 49 152.08 111 136.477 108 106.546 
102
10 101 860.084 17 848.825 100 753.057 130 457.894 129 440.907 16 424.207 15 396.5 109 282.516 110 215.943 111 134.414 
103
10 64 447.226 65 328.15 62 261.331 98 233.681 106 224.973 66 182.104 50 169.922 127 168.919 61 154.443 126 142.86 
104
10 64 498.885 62 456.699 65 321.84 98 300.208 106 273.332 126 265.561 76 217.708 50 207.097 66 171.141 241 170.73 
105
10 62 400.592 64 359.901 98 286.409 61 282.615 126 280.217 65 270.916 97 269.339 127 256.558 76 238.861 50 225.803 
106
10 104 266.374 103 229.21 63 207.178 98 194.68 105 181.053 65 171.485 127 150.986 50 145.266 62 140.433 64 127.763 
107
10 49 531.769 128 284.767 50 262.075 47 218.465 129 204.972 99 166.904 130 164.488 100 105.391 64 76.9755 104 56.4086 
108
10 109 739.437 49 649.364 128 459.46 129 421.358 130 349.048 48 340.628 99 311.404 100 302.635 110 141.17 102 117.914 
109
10 108 701.226 110 551.456 100 494.188 17 408.468 21 389.051 16 357.033 18 348.796 111 344.156 101 343.071 130 332.008 
110
10 111 888.431 22 744.394 17 565.037 20 562.013 109 554.487 19 545.689 16 479.664 23 423.589 101 349.649 102 298.085 
111
10 110 891.967 112 674.37 21 628.162 20 446.969 19 412.068 17 360.338 109 337.698 83 320.451 82 295.776 113 293.647 
112
10 111 667.243 23 652.73 113 612.779 22 572.264 83 571.528 21 435.452 20 360.417 114 313.22 82 281.699 84 264.427 
113
10 114 767.55 84 649.339 112 598.655 24 528.32 23 504.864 25 474.23 22 438.021 115 402.701 21 383.558 20 306.978 
114
10 113 769.254 115 691.771 84 689.955 83 657.041 24 460.874 25 429.721 26 386.237 82 357.937 23 346.415 88 330.481 
115
10 114 709.635 89 425.388 113 419.21 83 418.779 82 400.967 25 334.7 26 314.451 24 301.449 27 288.054 84 272.197 
116
10 115 255.357 117 220.13 90 181.543 55 159.048 88 136.727 71 136.044 56 128.363 118 115.361 70 110.865 91 94.8892 
117
10 118 343.306 90 325.966 91 286.552 71 254.253 116 224.828 70 199.217 119 198.17 89 194.287 92 168.629 56 157.537 
118
10 117 344.422 119 300.902 120 232.806 91 205.292 57 190.002 71 187.215 92 181.99 90 180.871 56 139.785 229 129.654 
119
10 120 365.6 118 298.887 121 262.707 92 247.193 117 196.806 91 189.927 71 166.899 122 148.685 93 137.132 57 134.987 
120
10 119 367.608 121 352.243 92 327.281 118 229.662 93 223.881 72 157.608 71 155.805 123 143.675 57 143.525 117 141.977 
121
10 122 384.419 120 360.204 93 308.468 92 304.32 119 265.776 123 245.726 73 179.346 72 172.371 285 154.925 288 143.954 
122
10 123 709.707 93 541.065 285 383.037 121 381.911 94 376.266 124 366.292 73 357.698 96 352.296 286 348.596 74 346.326 
123
10 122 712.836 124 638.18 94 619.965 96 607.989 74 558.41 93 547.203 285 502.828 95 496.947 286 495.945 126 493.324 
124
10 125 641.524 123 637.8 94 615.542 96 588.97 74 560.24 126 531.915 75 509.176 95 492.639 73 408.512 76 390.055 
125
10 124 641.7 126 639.245 74 565.462 94 542.881 95 484.819 123 472.927 76 467.551 73 401.946 77 374.095 93 319.206 
126
10 76 811.452 96 796.155 75 699.049 95 660.929 125 647.016 74 626.884 77 600.055 94 545.003 124 537.99 123 497.03 
127
10 97 379.195 61 342.07 98 280.487 105 245.718 62 222.855 63 198.664 96 196.47 103 165.592 106 157.722 60 156.623 
128
10 49 809.635 13 490.163 108 485.936 12 478.437 47 463.502 10 335.495 107 314.502 98 303.26 50 258.373 99 224.515 
129
10 12 906.022 13 905.529 11 849.209 10 558.822 16 553.746 101 521.914 108 470.572 102 440.018 17 400.16 15 398.473 
130
10 12 1056.73 11 957.248 13 930.633 16 611.537 101 565.498 10 555.786 15 475.923 102 451.462 17 409.008 108 391.445 
131
10 133 609.859 156 591.42 157 416.36 185 389.354 186 367.834 134 364.521 184 315.053 155 299.401 187 296.24 135 195.06 
132
10 156 527.43 133 513.182 134 481.603 157 436.295 187 405.841 185 377.312 186 357.828 184 284.794 155 258.12 135 257.381 
133
10 134 541.689 131 541.248 132 486.528 157 338.207 187 336.705 156 286.921 135 284.053 158 273.25 185 268.507 186 262.011 
134
10 135 826.431 187 752.569 133 539.535 186 528.383 158 475.927 132 458.771 188 442.055 136 358.587 190 345.806 217 343.882 
135
10 134 847.258 136 523.766 159 515.051 188 499.025 187 455.491 217 434.524 137 405.706 191 333.555 219 322.086 158 292.15 
136
10 137 691.715 189 574.6 135 519.702 160 473.623 188 373.501 138 364.044 134 363.058 192 297.539 162 235.984 159 232.861 
137
10 136 748.862 138 685.25 190 650.389 160 508.572 192 450.885 217 443.2 189 430.706 135 422.474 139 381.246 216 360.831 
138
10 137 685.859 191 622.91 139 500.271 136 386.421 193 366.648 190 330.508 194 265.577 223 257.79 217 241.404 216 236.477 
139
10 140 546.059 138 508.453 194 475.642 192 467.878 137 388.428 191 385.703 141 375.319 162 358.992 142 258.994 223 244.788 
140
10 141 749.874 139 570.396 142 557.547 192 466.688 195 414.236 224 296.781 143 268.476 281 268.187 280 252.345 225 248.683 
141
10 142 1062.24 140 769.775 193 658.787 143 519.655 225 470.296 281 465.894 139 381.905 224 359.688 196 346.867 192 321.818 
142
10 141 1073.68 194 859.451 143 684.57 277 599.151 140 570.998 225 569.103 193 499.639 283 428.786 282 389.894 144 388.431 
143
10 195 808.354 142 705.216 144 595.54 141 553.557 194 444.871 226 381.139 145 355.286 165 348.708 196 319.963 140 293.379 
144
10 143 595.039 195 540.861 196 460.761 280 460.641 226 445.745 142 404.113 166 357.996 146 356.815 227 342.83 141 297.198 
145
10 146 694.749 196 569.709 197 414.999 147 410.213 227 409.087 228 367.733 143 366.428 195 265.066 280 261.515 250 259.603 
146
10 145 720.478 147 618.28 228 461.925 196 380.696 144 362.614 148 355.215 197 306.697 198 291.708 251 284.734 250 251.292 
147
10 146 626.845 148 505.485 145 424.178 168 371.457 251 333.058 299 332.658 300 329.336 298 320.654 149 275.851 227 263.659 
148
10 149 509.977 147 485.157 228 395.852 146 345.748 150 283.386 169 271.252 168 245.46 145 225.434 252 219.445 250 210.843 
149
10 150 517.497 148 506.635 229 396.639 170 286.261 251 276.29 147 259.994 169 244.468 228 242.679 263 233.783 264 210.471 
150
10 149 533.273 151 446.085 230 391.627 252 370.005 253 361.612 148 296.024 170 278.415 263 276.158 264 233.599 292 224.359 
151
10 150 437.135 152 413.577 253 403.897 153 320.21 231 298.331 230 283.22 200 278.019 254 274.646 201 245.624 149 212.713 
152
10 153 627.778 151 444.029 154 363.445 173 312.405 253 311.653 231 291.825 232 281.208 254 242.432 183 236.438 201 221.264 
153
10 154 726.773 152 655.398 183 548.359 155 402.901 151 364.337 232 350.922 182 348.254 233 346.11 231 288.637 184 271.467 
154
10 153 726.811 155 690.729 184 410.277 152 388.637 183 371.925 156 367.609 185 278.145 182 272.177 234 270.706 233 246.553 
155
10 154 687.116 156 675.889 153 408.555 185 406.356 183 404.034 157 372.976 186 332.736 131 293.329 132 262.264 187 250.383 
156
10 155 687.822 184 679.934 131 571.866 157 529.678 132 524.809 187 396.575 154 370.52 133 319.299 158 271.095 183 244.637 
157
10 158 508.693 156 506.266 185 429.511 132 401.166 131 375.869 155 353.436 133 324.407 186 308.951 159 296.996 134 256.096 
158
10 159 686.072 157 486.798 187 484.681 186 451.631 134 412.78 160 353.966 185 314.306 135 253.247 156 250.24 133 240.792 
159
10 158 692.651 160 573.173 187 483.919 135 444.508 188 361.583 186 333.779 157 281.018 161 262.992 190 225.678 136 205.844 
160
10 161 646.502 159 587.628 209 482.73 189 481.287 188 462.22 210 435.626 191 403.032 137 401.98 136 399.594 162 395.92 
161
10 162 748.459 160 690.248 211 503.559 212 468.629 163 434.291 213 354.553 191 309.01 159 276.361 192 266.21 138 190.106 
162
10 163 904.754 212 841.585 213 789.98 161 789.866 214 547.787 164 507.75 160 422.474 192 401.983 216 391.213 193 363.933 
163
10 162 969.3 164 814.637 213 490.574 161 452.208 165 410.798 214 370.722 193 360.355 194 319.205 278 293.345 277 284.608 
164
10 163 851.506 165 688.768 162 553.51 281 451.274 282 387.424 280 386.559 279 354.746 166 347.064 193 272.173 194 244.037 
165
10 281 716.186 164 707.215 166 669.553 280 490.439 277 452.545 163 438.216 282 383.505 167 357.2 143 290.101 194 256.07 
166
10 280 859.171 165 701.449 167 652.669 195 446.902 282 374.801 164 364.833 281 355.335 168 341.572 196 321.534 144 319.017 
167
10 166 652.717 280 582.833 168 565.305 281 463.588 279 444.042 196 416.952 165 378.111 143 231.879 197 216.804 195 214.467 
168
10 167 573.739 196 510.753 169 441.894 197 382.795 166 346.163 198 323.81 147 315.515 170 235.521 148 220.749 228 214.242 
169
10 170 638.749 198 560.878 197 492.945 168 456.763 199 444.412 171 323.923 259 281.981 148 225.48 146 219.576 258 202.729 
170
10 169 698.325 259 407.068 199 406.325 198 369.001 172 306.241 260 275.374 168 244.953 149 243.152 257 234.27 150 222.821 
171
10 172 526.119 260 361.792 169 355.718 258 276.557 259 268.81 173 227.56 261 226.394 199 161.66 200 155.222 151 150.311 
172
10 171 539.219 173 355.361 170 319.223 261 253.087 169 161.806 149 150.92 151 144.831 262 127.58 200 102.885 174 97.0206 
173
10 172 362.228 202 325.852 152 279.862 171 244.005 153 202.513 174 176.771 150 149.656 170 133.171 154 102.263 175 92.1704 
174
10 203 263.059 173 188.08 152 164.986 153 164.258 204 148.848 172 103.635 154 100.316 151 97.2483 175 91.2531 150 81.7807 
175
10 203 292.487 204 270.023 176 173.206 202 148.493 177 132.654 173 116.276 174 114.729 201 92.1457 152 89.5406 153 80.8441 
176
10 175 185.474 204 99.36 203 90.939 174 85.3036 205 73.2825 173 39.3883 202 38.443 206 36.8293 255 31.3213 256 28.901 
177
10 178 163.879 175 143.794 174 69.8008 203 51.11 204 36.8801 202 27.3321 173 24.1882 205 21.7246 255 16.9965 254 16.5442 
178
10 177 173.115 151 66.0156 295 52.1456 294 49.8324 153 47.7871 293 39.5874 299 37.1959 297 36.6647 152 35.5663 296 34.6562 
179
10 262 109.377 150 69.0912 151 63.4258 261 59.4839 295 55.8064 294 46.3912 149 46.026 299 41.2645 296 39.4555 293 38.553 
180
10 262 257.553 261 154.554 150 151.703 152 147.769 151 143.669 149 100.885 295 92.7835 300 83.3121 294 82.6771 299 79.1389 
181
10 150 161.462 151 145.053 152 144.398 293 132.866 149 107.189 294 85.9842 298 68.2585 299 67.7094 300 65.3193 297 59.4465 
182
10 264 778.339 183 517.612 263 440.333 153 347.483 154 292.489 155 185.289 152 171.669 150 171.166 151 146.27 233 133.975 
183
10 153 524.013 182 485.666 155 408.117 154 370.953 184 368.734 234 278.502 156 240.267 152 226.659 233 222.115 185 212.936 
184
10 156 650.59 185 619.926 186 426.323 154 415.412 183 375.315 187 311.129 131 293.591 153 286.417 132 271.716 234 251.026 
185
10 187 681.841 184 639.247 157 432.229 155 417.24 131 364.059 132 353.491 158 324.705 154 283.361 186 274.18 133 244.36 
186
10 187 1263.37 158 468.684 134 459.691 207 456.79 184 445.31 188 359.931 131 355.414 132 343.253 155 341.875 159 333.765 
187
10 186 1324.81 185 718.187 134 683.29 188 515.639 158 513.855 159 496.754 207 461.665 135 406.079 156 400.43 132 384.7 
188
10 189 728.064 187 551.681 135 454.905 190 454.543 134 431.118 160 430.895 186 405.47 159 384.966 209 352.402 208 339.392 
189
10 190 802.172 188 784.614 136 512.042 160 479.38 217 361.396 137 355.559 187 348.591 209 275.628 210 257.325 208 245.526 
190
10 189 840.674 137 558.318 191 549.355 188 513.235 134 351.527 138 292.035 160 265.324 159 250.618 192 249.264 209 215.263 
191
10 190 581.854 138 565.535 192 490.988 160 454.055 139 345.823 276 333.956 161 332.062 193 331.317 135 315.466 216 305.933 
192
10 193 692.335 191 522.169 277 469.173 137 444.022 162 430.993 139 420.022 194 413.429 140 399.304 136 317.251 161 315.084 
193
10 192 736.942 276 647.008 141 586.695 142 452.661 162 429.567 163 388.597 278 382.866 138 346.751 191 342.985 195 327.12 
194
10 142 795.431 277 731.539 276 544.024 139 459.753 192 439.222 195 425.907 225 404.423 143 390.464 224 377.708 281 365.214 
195
10 143 714.937 281 490.982 144 486.967 280 451.07 194 442.879 166 434.854 140 431.375 193 369.058 225 347.743 226 276.902 
196
10 145 456.89 168 432.781 144 407.031 167 405.375 141 368.976 142 359.536 281 347.03 166 334.576 143 298.803 146 286.336 
197
10 145 388.382 168 350.626 169 327.867 146 249.693 167 225.074 147 109.826 228 72.6297 148 69.5643 229 56.1586 149 39.9467 
198
10 169 481.302 168 310.282 170 258.114 146 247.909 147 119.278 148 100.771 171 82.2572 229 81.345 149 80.0119 228 72.702 
199
10 169 438.284 170 336.335 257 218.851 256 163.22 255 157.979 148 128.994 149 124.2 171 119.468 258 91.8424 150 87.563 
200
10 256 825.376 255 688.838 257 458.502 170 192.945 151 159.031 171 129.721 149 127.282 169 120.718 150 118.752 252 108.419 
201
10 254 1164.73 255 1037.86 256 928.976 253 723.952 257 400.957 151 178.267 152 130.166 150 92.3922 153 84.9599 258 66.8968 
202
10 256 545.326 173 266.879 257 259.592 151 146.646 152 145.024 153 92.4091 175 83.6616 155 45.516 154 27.7843 176 22.1318 
203
10 174 215.255 175 191.659 152 144.486 153 103.819 184 77.9504 176 56.9509 155 52.4178 156 48.6433 177 36.0507 173 33.3608 
204
10 175 231.25 174 157.006 184 79.5153 176 78.9107 156 58.3473 155 54.6646 177 32.7574 157 21.3121 153 16.1995 131 10.837 
205
10 185 135.801 158 97.0503 184 70.8787 176 68.0624 156 63.1057 134 52.5557 155 47.6693 157 28.5923 177 22.4085 133 16.8861 
206
10 185 138.552 158 100.503 184 79.4782 156 75.7601 159 65.3507 155 57.5285 134 55.3743 157 44.8 176 38.715 131 22.7437 
207
10 186 375.911 187 348.259 185 188.743 158 142.961 156 127.247 159 92.039 134 75.8655 135 69.9741 184 65.7297 131 40.9255 
208
10 188 249.616 160 218.66 187 175.245 189 155.145 186 101.194 190 95.2201 136 70.9463 158 65.6757 217 57.7519 135 52.1331 
209
10 160 354.124 188 308.135 189 216.854 187 181.514 190 152.931 158 144.039 136 119.938 159 110.174 134 99.0872 135 97.7449 
210
10 160 368.047 189 224.114 190 164.28 136 144.766 158 135.136 159 111.1 135 110.054 217 107.361 191 105.192 214 102.836 
211
10 161 380.537 160 279.2 136 140.819 192 127.475 189 114.774 191 112.704 137 99.4984 159 97.4547 217 95.5357 135 76.4578 
212
10 162 574.4 161 415.129 160 336.948 192 208.741 136 169.914 190 153.012 191 136.805 137 129.15 193 108.318 139 92.9848 
213
10 162 683.121 214 524.888 163 349.153 161 344.017 215 251.046 192 215.718 193 161.547 191 152.621 164 147.261 137 124.544 
214
10 213 588.275 162 538.67 163 307.432 277 284.25 164 162.579 192 161.541 210 147.353 276 147.343 193 142.123 165 136.54 
215
10 213 303.594 162 262.124 216 234.854 277 141.411 278 128.473 163 127.216 161 118.728 210 88.0092 164 84.4373 209 76.7635 
216
10 162 422.413 137 361.113 191 337.261 192 282.938 215 236.928 138 228.878 139 180.793 163 178.666 193 177.95 276 137.586 
217
10 135 469.481 137 445.708 189 445.335 134 371.655 188 318.41 138 246.677 220 188.806 210 159.841 221 154.819 209 148.795 
218
10 134 251.876 135 248.357 133 205.407 132 138.886 190 124.415 159 118.76 189 113.66 131 102.184 160 84.1997 188 83.0921 
219
10 135 314.583 134 282.788 132 195.896 133 194.484 136 151.263 159 148.588 190 144.185 131 143.615 189 116.376 160 109.331 
220
10 135 179.383 217 166.182 191 161.675 134 140.687 138 120.834 136 104.018 137 95.924 133 92.8082 132 81.5127 190 63.1709 
221
10 217 123.393 191 109.359 137 106.139 135 98.6654 138 81.9711 134 71.9491 136 65.6444 190 51.1512 241 39.069 242 38.4087 
222
10 138 190.571 137 176.732 141 160.826 194 151.065 191 149.952 193 122.734 135 119.121 192 109.869 136 103.028 217 99.7973 
223
10 224 459.469 225 329.619 142 283.56 193 275.755 138 233.315 139 226.284 137 218.752 140 214.914 191 209.377 276 207.787 
224
10 225 588.096 223 459.37 194 391.501 141 348.729 283 295.654 193 293.178 140 279.83 226 244.646 246 239.871 139 228.412 
225
10 224 577.53 226 556.975 142 547.897 141 460.887 194 435.544 249 402.636 195 364.321 223 305.606 227 300.823 196 274.599 
226
10 227 585.517 225 561.061 144 445.27 249 408.699 143 380.236 195 305.547 228 298.283 248 296.098 142 269.845 146 246.789 
227
10 250 654.091 226 574.973 228 518.709 145 410.545 144 336.673 251 314.827 225 307.345 147 275.829 143 230.36 229 219.467 
228
10 229 682.385 251 674.923 227 509.402 146 460.222 148 416.139 145 380.698 292 304.806 226 294.618 149 272.034 298 264.967 
229
10 228 659.471 292 575.558 230 568.561 149 385.004 252 341.205 250 263.95 291 250.142 231 228.133 251 224.469 227 215.407 
230
10 231 660.994 229 595.414 252 515.005 291 413.946 253 412.789 150 377.531 232 303.623 151 257.108 228 220.18 290 208.841 
231
10 230 705.057 232 701.406 253 618.2 233 370.03 254 363.896 252 338.2 292 310.42 151 302.767 291 285.261 234 277.277 
232
10 231 752.987 233 636.12 234 486.509 253 339.205 230 333.545 153 331.715 152 282.943 254 190.817 154 181.289 235 174.515 
233
10 234 680.537 232 656.937 231 414.055 153 346.396 235 246.557 154 236.783 183 224.174 184 216.114 155 181.708 151 160.019 
234
10 233 680.204 232 492.794 235 472.396 231 294.509 183 272.433 154 257.724 184 236.448 236 201.687 155 196.125 266 192.17 
235
10 234 493.823 236 424.92 269 334.155 237 293.344 270 281.583 233 259.357 265 226.008 271 192.915 232 179.304 238 171.467 
236
10 237 872.2 238 600.603 268 583.592 270 546.701 267 541.826 235 422.394 271 419.289 266 402.336 269 346.312 239 315.233 
237
10 238 1011.55 236 902.769 269 778.242 270 726.066 271 582.761 239 576.494 268 564.499 267 502.925 272 379.343 266 351.665 
238
10 237 1026.15 239 866.843 271 755.91 270 731.359 236 628.733 272 547.179 267 416.185 241 344.097 266 252.993 273 249.713 
239
10 240 1056.2 238 872.475 271 849.414 272 723.101 270 706.616 241 682.72 237 577.009 269 547.152 273 391.567 274 385.81 
240
10 239 1050.03 241 1031.01 271 685.174 272 676.037 270 529.507 274 521.262 273 465.833 242 410.387 237 335.982 76 219.667 
241
10 240 1039.46 242 749.999 239 684.911 274 658.384 272 632.424 273 520.115 271 510.615 243 463.203 238 345.606 275 302.966 
242
10 241 772.959 243 755.98 244 475.038 274 439.855 240 420.537 273 364.378 245 269.333 275 266.57 272 251.086 126 234.906 
243
10 242 770.586 244 735.976 241 485.435 274 325.732 246 279.89 273 238.151 126 235.365 275 225.984 96 225.887 240 223.368 
244
10 245 843.246 243 749.121 242 492.374 247 335.336 286 334.616 285 318.257 287 279.76 241 262.207 96 235.405 248 229.057 
245
10 246 966.748 244 852.158 286 572.968 285 545.618 287 479.562 248 455.581 288 325.914 284 303.468 242 281.5 96 245.785 
246
10 247 1240.58 245 976.119 285 943.053 286 905.734 287 749.13 288 532.455 284 432.943 123 299.737 243 287.803 224 245.626 
247
10 246 1230.83 285 1083.84 286 872.22 287 777.027 288 644.755 284 496.474 244 340.02 289 315.942 123 298.055 122 226.772 
248
10 285 845.967 284 776.165 286 739.548 249 527.303 245 463.234 289 427.796 287 406.857 288 296.554 226 295.045 244 233.402 
249
10 284 591.816 248 498.003 250 391.082 226 382.169 225 345.689 283 243.465 228 226.391 285 223.046 247 205.623 286 184.336 
250
10 227 603.657 249 383.282 229 267.225 146 238.347 145 237.238 225 216.59 148 215.789 248 208.263 144 197.467 300 178.744 
251
10 228 605.317 147 286.753 227 279.523 149 278.298 146 242.614 292 241.871 229 218.308 230 184.289 264 175.951 145 175.205 
252
10 230 443.973 229 351.478 150 302.44 231 286.953 148 228.292 228 225.811 292 203.486 170 166.036 146 140.128 232 138.096 
253
10 201 730.762 256 643.289 231 446.415 230 371.051 257 364.187 151 303.278 150 298.037 255 292.899 232 207.536 170 195.852 
254
10 201 1171.77 256 692.646 257 494.662 231 253.595 151 201.282 230 176.805 152 143.615 232 110.83 153 107.789 150 105.818 
255
10 201 1030.47 200 948.782 253 296.523 257 263.676 199 239.452 151 151.057 170 105.758 169 96.5874 256 95.7515 258 92.8982 
256
10 200 1090.69 201 891.202 254 663.224 253 620.995 202 437.587 199 261.386 259 137.043 170 119.97 151 109.297 258 102.539 
257
10 200 521.753 254 428.238 201 356.086 199 340.91 253 331.848 255 245.783 259 227.611 170 224.8 202 195.821 260 179.214 
258
10 260 306.665 171 246.378 259 244.519 169 214.196 261 153.879 199 113.059 253 99.9156 256 97.7913 255 97.4544 200 88.986 
259
10 260 502.65 170 393.847 169 281.78 261 276.472 258 251.808 171 250.21 257 239.706 256 140.826 168 105.119 148 103.54 
260
10 259 502.76 261 445.775 171 352.718 258 316.276 170 271.148 257 193.329 169 171.772 262 167.935 168 99.8286 149 93.7513 
261
10 262 691.398 263 608.886 260 434.481 259 274.076 172 254.132 171 225.787 170 171.34 150 159.71 258 159.337 180 145.407 
262
10 261 650.838 263 536.127 180 239.261 260 155.1 172 123.556 264 113.546 171 101.035 259 89.1093 182 86.4212 179 84.4998 
263
10 182 520.958 261 502.67 262 471.023 150 234.258 293 215.101 149 182.06 294 146.002 148 141.77 251 120.621 228 91.2029 
264
10 182 819.862 183 205.976 293 194.554 150 183.751 154 143.011 149 142.903 229 119.51 294 112.41 251 109.612 151 97.6182 
265
10 235 206.244 232 137.871 233 124.509 236 116.801 231 112.044 292 98.1255 268 96.4776 230 83.1176 293 79.9807 234 76.6584 
266
10 269 519.732 236 385.459 237 330.702 270 327.256 271 243.822 238 237.443 79 190.218 234 185.162 290 148.987 233 139.011 
267
10 269 885.002 270 597.742 236 513.926 237 465.614 271 459.69 238 381.616 79 307.368 272 275.571 239 239.3 240 153.021 
268
10 269 794.766 270 774.14 271 561.126 236 559.947 237 529.469 78 462.216 272 335.88 79 289.117 239 276.931 240 174.278 
269
10 270 1382.18 271 1078.19 267 914.538 268 806.274 237 729.528 272 608.382 239 508.235 266 505.146 78 358.401 236 343.676 
270
10 269 1383.93 271 1323.94 268 798.76 272 706.744 238 690.095 237 690.006 239 652.923 267 632.171 236 530.315 240 492.194 
271
10 270 1340.25 269 1087.54 272 978.957 239 795.831 238 725.256 240 643.006 268 582.056 237 557.416 267 492.353 241 475.688 
272
10 271 981.287 273 740.359 270 712.486 239 691.024 240 640.394 269 615.085 241 588.454 274 584.169 238 533.122 237 363.247 
273
10 272 759.084 274 639.948 241 495.796 240 449.781 271 427.582 239 380.693 242 337.232 270 290.224 269 260.718 238 239.322 
274
10 273 653.227 241 639.191 272 601.517 275 598.177 240 513.233 242 415.211 239 378.867 271 323.825 243 297.019 270 213.921 
275
10 274 627.482 241 305.8 242 258.507 273 237.335 192 216.359 243 209.304 240 198.651 193 160.074 272 152.187 244 130.775 
276
10 193 578.823 194 431.445 191 337.447 162 242.87 190 238.05 136 228.082 142 211.041 223 186.81 281 185.512 214 165.704 
277
10 278 860.405 194 652.678 192 496.163 142 436.316 214 400.061 281 393.507 165 369.55 162 325.381 163 306.96 193 293.407 
278
10 277 902.843 281 561.466 193 394.479 163 304.492 192 282.222 282 225.75 162 223.975 215 212.357 225 189.076 137 144.893 
279
10 281 668.731 167 381.041 164 349.013 282 278.995 163 243.487 193 238.623 194 227.279 225 176.401 139 147.25 192 135.498 
280
10 281 890.834 166 806.309 167 550.271 165 508.047 282 457.35 195 445.853 164 388.381 144 384.073 140 254.952 163 227.628 
281
10 280 898.681 279 713.407 282 713.06 165 700.317 278 640.688 277 471.368 195 459.045 167 447.065 164 446.463 141 421.079 
282
10 281 709.162 280 471.118 283 372.02 165 368.974 166 368.825 164 368.46 142 325.311 279 297.155 194 263.758 278 248.34 
283
10 282 363.133 142 359.529 249 275.732 194 251.878 141 247.29 224 246.509 144 218.788 143 187.348 195 181.856 281 169.316 
284
10 248 722.738 249 590.422 247 451.241 246 393.189 288 322.464 245 287.679 244 194.334 142 135.054 123 110.331 243 101.948 
285
10 247 1055.9 246 914.681 248 841.75 288 830.115 245 538.544 289 438.179 123 371.49 244 310.575 122 290.54 290 247.597 
286
10 288 1381.61 246 877.972 247 857.694 248 729.526 289 723.596 245 559.123 290 396.244 123 371.772 244 324.485 122 266.295 
287
10 288 1615.97 289 746.968 247 742.231 246 706.424 245 450.899 248 381.194 290 353.808 123 335.669 244 261.545 122 238.582 
288
10 287 1603.42 286 1374.39 289 917.554 285 804.761 247 604.403 246 497.802 290 479.064 284 311.351 245 307.081 248 281.565 
289
10 290 1042.41 288 908.36 287 756.234 286 755.693 285 449.374 248 407.877 291 345.838 247 309.489 246 237.597 292 176.182 
290
10 289 1049.01 291 587.511 288 492.485 286 439.843 287 378.851 292 345.835 285 276.57 230 208.398 248 207.109 228 192.603 
291
10 290 604.301 230 421.48 289 369.975 231 268.123 229 264.263 228 212.251 288 164.837 253 144.563 252 135.141 251 126.244 
292
10 229 629.483 290 374.12 231 324.935 228 320.063 251 268.61 252 252.95 150 241.877 289 199.885 253 140.91 250 133.927 
293
10 297 389.339 264 345.619 263 324.936 298 310.946 231 294.175 296 244.632 181 198.787 232 129.413 182 122.582 265 119.942 
294
10 297 368.401 296 273.777 263 236.798 264 212.009 181 140.486 231 133.467 180 109.295 151 83.9147 262 66.9585 182 64.7487 
295
10 297 309.071 228 236.462 146 153.237 180 144.645 227 104.577 296 92.8977 145 83.9415 179 75.6046 178 74.8746 118 49.8654 
296
10 294 287.963 293 257.713 146 171.869 227 115.697 145 99.7516 180 95.0719 295 94.9605 179 55.1179 178 50.8904 119 44.1264 
297
10 293 399.978 294 387.507 295 304.506 228 271.801 146 198.655 227 133.451 145 111.333 181 106.238 180 102.505 198 68.9106 
298
10 147 357.067 293 324.497 228 292.28 146 241.244 150 226.834 227 145.717 145 133.01 292 118.97 181 115.721 180 106.717 
299
10 147 370.206 228 267.086 146 255.573 150 225.898 227 144.15 145 139.029 169 117.223 181 113.69 180 111.081 168 103.339 
300
10 147 369.314 228 265.508 146 262.95 250 192.756 227 144.213 145 143.874 180 117.24 169 112.051 181 109.432 168 106.798 
